source_file,termination_reason,initial_relevant_distance_complexity,initial_relevant_distance_readability,#initial applicable operators,#all applicable operators,#uniq_rules_per_iteration,operators used per iteration,iterations,time,#final_population_size,#pareto_optimal_set with complexity higher than median,#final_transformations,final_transformations,final_selection,final_selection_original_content,final_selection_class_dependencies,avg_complexity,avg_readability,min_complexity,min_readability,max_complexity,max_readability,final_selection_rules,final_selection_complexity,final_selection_readability,all_files_per_iteration,selected_files_per_iteration
Benchmark/dataset/AllCRUXEval/sample_21/code/sample_21.py,no new transformations at Iteration 12,0.0068,0.9358,11,11,"[(1, 11), (2, 11), (3, 11), (4, 11), (5, 11), (6, 11), (7, 11), (8, 11), (9, 11), (10, 11), (11, 11)]","{1: ['add_try_except_inside_functions', 'add_decorator', 'add_datetime', 'change_var_names', 'add_time', 'add_crypto', 'add_sklearn', 'add_http', 'add_scipy', 'add_base64', 'add_dateutil'], 2: ['add_scipy', 'add_try_except_inside_functions', 'change_var_names', 'add_decorator', 'add_datetime', 'add_time', 'add_crypto', 'add_sklearn', 'add_http', 'add_base64', 'add_dateutil'], 3: ['add_scipy', 'add_decorator', 'add_try_except_inside_functions', 'add_datetime', 'add_time', 'change_var_names', 'add_crypto', 'add_sklearn', 'add_http', 'add_base64', 'add_dateutil'], 4: ['add_scipy', 'add_decorator', 'add_sklearn', 'change_var_names', 'add_try_except_inside_functions', 'add_datetime', 'add_time', 'add_crypto', 'add_http', 'add_base64', 'add_dateutil'], 5: ['add_scipy', 'add_decorator', 'add_sklearn', 'change_var_names', 'add_datetime', 'add_try_except_inside_functions', 'add_time', 'add_crypto', 'add_http', 'add_base64', 'add_dateutil'], 6: ['add_scipy', 'add_decorator', 'add_sklearn', 'change_var_names', 'add_datetime', 'add_time', 'add_try_except_inside_functions', 'add_crypto', 'add_http', 'add_base64', 'add_dateutil'], 7: ['add_scipy', 'add_decorator', 'add_sklearn', 'change_var_names', 'add_datetime', 'add_time', 'add_crypto', 'add_try_except_inside_functions', 'add_http', 'add_base64', 'add_dateutil'], 8: ['add_scipy', 'add_decorator', 'add_sklearn', 'change_var_names', 'add_datetime', 'add_time', 'add_crypto', 'add_base64', 'add_try_except_inside_functions', 'add_http', 'add_dateutil'], 9: ['add_scipy', 'add_decorator', 'add_sklearn', 'change_var_names', 'add_datetime', 'add_time', 'add_crypto', 'add_base64', 'add_http', 'add_try_except_inside_functions', 'add_dateutil'], 10: ['add_scipy', 'add_decorator', 'add_sklearn', 'change_var_names', 'add_datetime', 'add_time', 'add_crypto', 'add_base64', 'add_http', 'add_dateutil', 'add_try_except_inside_functions'], 11: ['add_scipy', 'add_decorator', 'add_sklearn', 'change_var_names', 'add_datetime', 'add_time', 'add_crypto', 'add_base64', 'add_http', 'add_dateutil', 'add_try_except_inside_functions']}",11,3581.61013174057,197,39,12,"[{'variant_file': 'sample_21a9Fu8ndGQY_results/generations/sample_21/sample_21.py-62b891a884ebb2b59369728890b2e8b5c68614a106a70ea82bbb91adcb926e82', 'applicable_rules': [], 'applied_rules': ['add_scipy', 'add_decorator', 'add_sklearn', 'change_var_names', 'add_datetime', 'change_var_names', 'add_time', 'add_crypto', 'add_base64', 'add_http', 'add_dateutil', 'add_try_except_inside_functions', 'add_try_except_inside_functions'], 'complexity': {'File': 'sample_21a9Fu8ndGQY_results/generations/sample_21/sample_21.py-62b891a884ebb2b59369728890b2e8b5c68614a106a70ea82bbb91adcb926e82', 'Base complexity': 7, 'Predicates with operators': 0, 'Nested levels': 0, 'Complex code structures': 6, 'Third-Party calls': 8, 'Inter_dependencies': 0, 'Intra_dependencies': 0, 'Log': 'tmp/sample_21a9Fu8ndGQY_results_generations_sample_21_sample_21.py-62b891a884ebb2b59369728890b2e8b5c68614a106a70ea82bbb91adcb926e82.log'}, 'readability': {'num_tokens': 147, 'lines_of_code': 32, 'num_conditions': 0, 'num_loops': 0, 'num_assignments': 2, 'num_max_nested_loop': 0, 'num_max_nested_if': 0, 'num_max_conditions_in_if': 0, 'max_line_tokens': 18, 'num_of_variables': 2, 'num_of_arrays': 4, 'num_of_operators': 0, 'num_of_nested_casting': 0, 'entropy': 5.27824285120069}, 'relevant_distance_readability': 0.8701, 'relevant_distance_complexity': 0.1064}, {'variant_file': 'sample_21a9Fu8ndGQY_results/generations/sample_21/sample_21.py-76a9315a670c1d52bf57c4ed12d64ba90c8d4bffcb5ac47a812c84b32815a41a', 'applicable_rules': ['add_try_except_inside_functions'], 'applied_rules': ['add_scipy', 'add_decorator', 'add_sklearn', 'change_var_names', 'add_datetime', 'change_var_names', 'add_time', 'add_crypto', 'add_base64', 'add_http', 'add_dateutil', 'add_try_except_inside_functions'], 'complexity': {'File': 'sample_21a9Fu8ndGQY_results/generations/sample_21/sample_21.py-76a9315a670c1d52bf57c4ed12d64ba90c8d4bffcb5ac47a812c84b32815a41a', 'Base complexity': 5, 'Predicates with operators': 0, 'Nested levels': 0, 'Complex code structures': 6, 'Third-Party calls': 8, 'Inter_dependencies': 0, 'Intra_dependencies': 0, 'Log': 'tmp/sample_21a9Fu8ndGQY_results_generations_sample_21_sample_21.py-76a9315a670c1d52bf57c4ed12d64ba90c8d4bffcb5ac47a812c84b32815a41a.log'}, 'readability': {'num_tokens': 142, 'lines_of_code': 29, 'num_conditions': 0, 'num_loops': 0, 'num_assignments': 2, 'num_max_nested_loop': 0, 'num_max_nested_if': 0, 'num_max_conditions_in_if': 0, 'max_line_tokens': 18, 'num_of_variables': 2, 'num_of_arrays': 4, 'num_of_operators': 0, 'num_of_nested_casting': 0, 'entropy': 5.259547882994278}, 'relevant_distance_readability': 0.8709, 'relevant_distance_complexity': 0.102}, {'variant_file': 'sample_21a9Fu8ndGQY_results/generations/sample_21/sample_21.py-abdd756570c5d67d86269cf10bbab744ccadf8c5f7ea1485036f7379f294c504', 'applicable_rules': ['add_http'], 'applied_rules': ['add_scipy', 'add_datetime', 'change_var_names', 'add_sklearn', 'add_time', 'add_decorator', 'add_base64', 'add_crypto', 'add_dateutil', 'add_try_except_inside_functions', 'change_var_names', 'add_try_except_inside_functions'], 'complexity': {'File': 'sample_21a9Fu8ndGQY_results/generations/sample_21/sample_21.py-abdd756570c5d67d86269cf10bbab744ccadf8c5f7ea1485036f7379f294c504', 'Base complexity': 7, 'Predicates with operators': 0, 'Nested levels': 0, 'Complex code structures': 6, 'Third-Party calls': 7, 'Inter_dependencies': 0, 'Intra_dependencies': 0, 'Log': 'tmp/sample_21a9Fu8ndGQY_results_generations_sample_21_sample_21.py-abdd756570c5d67d86269cf10bbab744ccadf8c5f7ea1485036f7379f294c504.log'}, 'readability': {'num_tokens': 136, 'lines_of_code': 30, 'num_conditions': 0, 'num_loops': 0, 'num_assignments': 2, 'num_max_nested_loop': 0, 'num_max_nested_if': 0, 'num_max_conditions_in_if': 0, 'max_line_tokens': 18, 'num_of_variables': 2, 'num_of_arrays': 4, 'num_of_operators': 0, 'num_of_nested_casting': 0, 'entropy': 5.201373723307941}, 'relevant_distance_readability': 0.8714, 'relevant_distance_complexity': 0.0985}, {'variant_file': 'sample_21a9Fu8ndGQY_results/generations/sample_21/sample_21.py-62f6911b0c80cbf7ff51d7bf65eb3c7e738be08fc2d2ecf3b290eef2a228b935', 'applicable_rules': ['add_try_except_inside_functions'], 'applied_rules': ['add_scipy', 'add_decorator', 'add_sklearn', 'change_var_names', 'add_datetime', 'change_var_names', 'add_time', 'add_crypto', 'add_base64', 'add_http', 'add_dateutil'], 'complexity': {'File': 'sample_21a9Fu8ndGQY_results/generations/sample_21/sample_21.py-62f6911b0c80cbf7ff51d7bf65eb3c7e738be08fc2d2ecf3b290eef2a228b935', 'Base complexity': 3, 'Predicates with operators': 0, 'Nested levels': 0, 'Complex code structures': 6, 'Third-Party calls': 8, 'Inter_dependencies': 0, 'Intra_dependencies': 0, 'Log': 'tmp/sample_21a9Fu8ndGQY_results_generations_sample_21_sample_21.py-62f6911b0c80cbf7ff51d7bf65eb3c7e738be08fc2d2ecf3b290eef2a228b935.log'}, 'readability': {'num_tokens': 137, 'lines_of_code': 26, 'num_conditions': 0, 'num_loops': 0, 'num_assignments': 2, 'num_max_nested_loop': 0, 'num_max_nested_if': 0, 'num_max_conditions_in_if': 0, 'max_line_tokens': 18, 'num_of_variables': 2, 'num_of_arrays': 4, 'num_of_operators': 0, 'num_of_nested_casting': 0, 'entropy': 5.188882166083118}, 'relevant_distance_readability': 0.8723, 'relevant_distance_complexity': 0.0977}, {'variant_file': 'sample_21a9Fu8ndGQY_results/generations/sample_21/sample_21.py-a01d017a513b6ed11005390f2e28552a9458d5096b28ca5d64827afe2642f806', 'applicable_rules': ['add_try_except_inside_functions', 'add_sklearn'], 'applied_rules': ['add_decorator', 'add_datetime', 'add_time', 'add_scipy', 'add_crypto', 'change_var_names', 'add_try_except_inside_functions', 'add_http', 'add_base64', 'add_try_except_inside_functions', 'change_var_names', 'add_try_except_inside_functions', 'add_dateutil'], 'complexity': {'File': 'sample_21a9Fu8ndGQY_results/generations/sample_21/sample_21.py-a01d017a513b6ed11005390f2e28552a9458d5096b28ca5d64827afe2642f806', 'Base complexity': 8, 'Predicates with operators': 0, 'Nested levels': 0, 'Complex code structures': 5, 'Third-Party calls': 7, 'Inter_dependencies': 0, 'Intra_dependencies': 0, 'Log': 'tmp/sample_21a9Fu8ndGQY_results_generations_sample_21_sample_21.py-a01d017a513b6ed11005390f2e28552a9458d5096b28ca5d64827afe2642f806.log'}, 'readability': {'num_tokens': 138, 'lines_of_code': 33, 'num_conditions': 0, 'num_loops': 0, 'num_assignments': 2, 'num_max_nested_loop': 0, 'num_max_nested_if': 0, 'num_max_conditions_in_if': 0, 'max_line_tokens': 18, 'num_of_variables': 2, 'num_of_arrays': 3, 'num_of_operators': 0, 'num_of_nested_casting': 0, 'entropy': 5.215587285214172}, 'relevant_distance_readability': 0.8762, 'relevant_distance_complexity': 0.0959}, {'variant_file': 'sample_21a9Fu8ndGQY_results/generations/sample_21/sample_21.py-01608f6179ddabfbdbd1c6d5a7d8363ba9313919b8760639b233d1deb8dcec44', 'applicable_rules': ['add_sklearn'], 'applied_rules': ['add_scipy', 'add_datetime', 'change_var_names', 'add_decorator', 'change_var_names', 'add_time', 'add_crypto', 'add_base64', 'add_http', 'add_dateutil', 'add_try_except_inside_functions', 'add_try_except_inside_functions'], 'complexity': {'File': 'sample_21a9Fu8ndGQY_results/generations/sample_21/sample_21.py-01608f6179ddabfbdbd1c6d5a7d8363ba9313919b8760639b233d1deb8dcec44', 'Base complexity': 7, 'Predicates with operators': 0, 'Nested levels': 0, 'Complex code structures': 5, 'Third-Party calls': 7, 'Inter_dependencies': 0, 'Intra_dependencies': 0, 'Log': 'tmp/sample_21a9Fu8ndGQY_results_generations_sample_21_sample_21.py-01608f6179ddabfbdbd1c6d5a7d8363ba9313919b8760639b233d1deb8dcec44.log'}, 'readability': {'num_tokens': 133, 'lines_of_code': 30, 'num_conditions': 0, 'num_loops': 0, 'num_assignments': 2, 'num_max_nested_loop': 0, 'num_max_nested_if': 0, 'num_max_conditions_in_if': 0, 'max_line_tokens': 18, 'num_of_variables': 2, 'num_of_arrays': 3, 'num_of_operators': 0, 'num_of_nested_casting': 0, 'entropy': 5.220073212863875}, 'relevant_distance_readability': 0.8768, 'relevant_distance_complexity': 0.0938}, {'variant_file': 'sample_21a9Fu8ndGQY_results/generations/sample_21/sample_21.py-060301daebdcfa95b0861ea51af6575ee76412d85c8b951434514ebefe5f308b', 'applicable_rules': ['add_try_except_inside_functions', 'add_sklearn'], 'applied_rules': ['add_scipy', 'add_datetime', 'change_var_names', 'add_decorator', 'change_var_names', 'add_time', 'add_crypto', 'add_base64', 'add_http', 'add_dateutil', 'add_try_except_inside_functions'], 'complexity': {'File': 'sample_21a9Fu8ndGQY_results/generations/sample_21/sample_21.py-060301daebdcfa95b0861ea51af6575ee76412d85c8b951434514ebefe5f308b', 'Base complexity': 5, 'Predicates with operators': 0, 'Nested levels': 0, 'Complex code structures': 5, 'Third-Party calls': 7, 'Inter_dependencies': 0, 'Intra_dependencies': 0, 'Log': 'tmp/sample_21a9Fu8ndGQY_results_generations_sample_21_sample_21.py-060301daebdcfa95b0861ea51af6575ee76412d85c8b951434514ebefe5f308b.log'}, 'readability': {'num_tokens': 128, 'lines_of_code': 27, 'num_conditions': 0, 'num_loops': 0, 'num_assignments': 2, 'num_max_nested_loop': 0, 'num_max_nested_if': 0, 'num_max_conditions_in_if': 0, 'max_line_tokens': 18, 'num_of_variables': 2, 'num_of_arrays': 3, 'num_of_operators': 0, 'num_of_nested_casting': 0, 'entropy': 5.2028048231968995}, 'relevant_distance_readability': 0.8776, 'relevant_distance_complexity': 0.0895}, {'variant_file': 'sample_21a9Fu8ndGQY_results/generations/sample_21/sample_21.py-b21d93e5494e68d727f77ae8478d6f6394d4c033f05e7717d4935b09e673b002', 'applicable_rules': ['add_scipy'], 'applied_rules': ['add_decorator', 'add_sklearn', 'change_var_names', 'add_datetime', 'add_time', 'add_crypto', 'change_var_names', 'add_base64', 'add_http', 'add_dateutil', 'add_try_except_inside_functions', 'add_try_except_inside_functions'], 'complexity': {'File': 'sample_21a9Fu8ndGQY_results/generations/sample_21/sample_21.py-b21d93e5494e68d727f77ae8478d6f6394d4c033f05e7717d4935b09e673b002', 'Base complexity': 7, 'Predicates with operators': 0, 'Nested levels': 0, 'Complex code structures': 4, 'Third-Party calls': 7, 'Inter_dependencies': 0, 'Intra_dependencies': 0, 'Log': 'tmp/sample_21a9Fu8ndGQY_results_generations_sample_21_sample_21.py-b21d93e5494e68d727f77ae8478d6f6394d4c033f05e7717d4935b09e673b002.log'}, 'readability': {'num_tokens': 125, 'lines_of_code': 30, 'num_conditions': 0, 'num_loops': 0, 'num_assignments': 2, 'num_max_nested_loop': 0, 'num_max_nested_if': 0, 'num_max_conditions_in_if': 0, 'max_line_tokens': 11, 'num_of_variables': 2, 'num_of_arrays': 2, 'num_of_operators': 0, 'num_of_nested_casting': 0, 'entropy': 5.16135627187983}, 'relevant_distance_readability': 0.8991, 'relevant_distance_complexity': 0.0891}, {'variant_file': 'sample_21a9Fu8ndGQY_results/generations/sample_21/sample_21.py-97e5139bf4f4ef13c8c5f827b55105179c62ac3a48d24de508037c9ffaf693f4', 'applicable_rules': ['add_try_except_inside_functions', 'add_scipy'], 'applied_rules': ['add_decorator', 'add_sklearn', 'change_var_names', 'add_datetime', 'add_time', 'add_crypto', 'change_var_names', 'add_base64', 'add_http', 'add_dateutil', 'add_try_except_inside_functions'], 'complexity': {'File': 'sample_21a9Fu8ndGQY_results/generations/sample_21/sample_21.py-97e5139bf4f4ef13c8c5f827b55105179c62ac3a48d24de508037c9ffaf693f4', 'Base complexity': 5, 'Predicates with operators': 0, 'Nested levels': 0, 'Complex code structures': 4, 'Third-Party calls': 7, 'Inter_dependencies': 0, 'Intra_dependencies': 0, 'Log': 'tmp/sample_21a9Fu8ndGQY_results_generations_sample_21_sample_21.py-97e5139bf4f4ef13c8c5f827b55105179c62ac3a48d24de508037c9ffaf693f4.log'}, 'readability': {'num_tokens': 120, 'lines_of_code': 27, 'num_conditions': 0, 'num_loops': 0, 'num_assignments': 2, 'num_max_nested_loop': 0, 'num_max_nested_if': 0, 'num_max_conditions_in_if': 0, 'max_line_tokens': 11, 'num_of_variables': 2, 'num_of_arrays': 2, 'num_of_operators': 0, 'num_of_nested_casting': 0, 'entropy': 5.144293448793388}, 'relevant_distance_readability': 0.8999, 'relevant_distance_complexity': 0.0848}, {'variant_file': 'sample_21a9Fu8ndGQY_results/generations/sample_21/sample_21.py-555fcf7c00add669e161cc5115f92af4e93522a28e20796d725b13c28cc01d85', 'applicable_rules': ['add_try_except_inside_functions', 'add_scipy'], 'applied_rules': ['add_decorator', 'add_sklearn', 'change_var_names', 'add_datetime', 'add_time', 'add_crypto', 'change_var_names', 'add_base64', 'add_http', 'add_dateutil'], 'complexity': {'File': 'sample_21a9Fu8ndGQY_results/generations/sample_21/sample_21.py-555fcf7c00add669e161cc5115f92af4e93522a28e20796d725b13c28cc01d85', 'Base complexity': 3, 'Predicates with operators': 0, 'Nested levels': 0, 'Complex code structures': 4, 'Third-Party calls': 7, 'Inter_dependencies': 0, 'Intra_dependencies': 0, 'Log': 'tmp/sample_21a9Fu8ndGQY_results_generations_sample_21_sample_21.py-555fcf7c00add669e161cc5115f92af4e93522a28e20796d725b13c28cc01d85.log'}, 'readability': {'num_tokens': 115, 'lines_of_code': 24, 'num_conditions': 0, 'num_loops': 0, 'num_assignments': 2, 'num_max_nested_loop': 0, 'num_max_nested_if': 0, 'num_max_conditions_in_if': 0, 'max_line_tokens': 11, 'num_of_variables': 2, 'num_of_arrays': 2, 'num_of_operators': 0, 'num_of_nested_casting': 0, 'entropy': 5.065864793157049}, 'relevant_distance_readability': 0.9013, 'relevant_distance_complexity': 0.0805}, {'variant_file': 'sample_21a9Fu8ndGQY_results/generations/sample_21/sample_21.py-b9ef6c5a29ffb0b56efc85ce5889fa0e89454572a0e6691c53a2bc457c14259d', 'applicable_rules': ['add_try_except_inside_functions', 'add_scipy', 'add_dateutil'], 'applied_rules': ['add_decorator', 'add_sklearn', 'change_var_names', 'add_datetime', 'add_time', 'add_crypto', 'change_var_names', 'add_base64', 'add_http'], 'complexity': {'File': 'sample_21a9Fu8ndGQY_results/generations/sample_21/sample_21.py-b9ef6c5a29ffb0b56efc85ce5889fa0e89454572a0e6691c53a2bc457c14259d', 'Base complexity': 3, 'Predicates with operators': 0, 'Nested levels': 0, 'Complex code structures': 4, 'Third-Party calls': 6, 'Inter_dependencies': 0, 'Intra_dependencies': 0, 'Log': 'tmp/sample_21a9Fu8ndGQY_results_generations_sample_21_sample_21.py-b9ef6c5a29ffb0b56efc85ce5889fa0e89454572a0e6691c53a2bc457c14259d.log'}, 'readability': {'num_tokens': 105, 'lines_of_code': 22, 'num_conditions': 0, 'num_loops': 0, 'num_assignments': 2, 'num_max_nested_loop': 0, 'num_max_nested_if': 0, 'num_max_conditions_in_if': 0, 'max_line_tokens': 11, 'num_of_variables': 2, 'num_of_arrays': 2, 'num_of_operators': 0, 'num_of_nested_casting': 0, 'entropy': 4.977646826798444}, 'relevant_distance_readability': 0.9027, 'relevant_distance_complexity': 0.0726}, {'variant_file': 'sample_21a9Fu8ndGQY_results/generations/sample_21/sample_21.py-d7fd99caac07f1cb5220f94f2d23b67010af8b4311a5583aa0d670ff1c661640', 'applicable_rules': ['add_try_except_inside_functions', 'add_http', 'add_scipy', 'add_dateutil'], 'applied_rules': ['add_decorator', 'add_sklearn', 'change_var_names', 'add_datetime', 'add_time', 'add_crypto', 'change_var_names', 'add_base64'], 'complexity': {'File': 'sample_21a9Fu8ndGQY_results/generations/sample_21/sample_21.py-d7fd99caac07f1cb5220f94f2d23b67010af8b4311a5583aa0d670ff1c661640', 'Base complexity': 3, 'Predicates with operators': 0, 'Nested levels': 0, 'Complex code structures': 4, 'Third-Party calls': 5, 'Inter_dependencies': 0, 'Intra_dependencies': 0, 'Log': 'tmp/sample_21a9Fu8ndGQY_results_generations_sample_21_sample_21.py-d7fd99caac07f1cb5220f94f2d23b67010af8b4311a5583aa0d670ff1c661640.log'}, 'readability': {'num_tokens': 94, 'lines_of_code': 20, 'num_conditions': 0, 'num_loops': 0, 'num_assignments': 2, 'num_max_nested_loop': 0, 'num_max_nested_if': 0, 'num_max_conditions_in_if': 0, 'max_line_tokens': 11, 'num_of_variables': 2, 'num_of_arrays': 2, 'num_of_operators': 0, 'num_of_nested_casting': 0, 'entropy': 4.875268622189603}, 'relevant_distance_readability': 0.9043, 'relevant_distance_complexity': 0.0647}]",sample_21a9Fu8ndGQY_results/generations/sample_21/sample_21.py-62b891a884ebb2b59369728890b2e8b5c68614a106a70ea82bbb91adcb926e82,"from dateutil.parser import parse
from http.client import HTTPConnection
import base64
from cryptography.fernet import Fernet
import time
import datetime
from sklearn.utils import shuffle

def my_decorator(func):
    try:
        datetime.datetime.now()

        def dec_result(*args, **kwargs):
            newres_1 = func(*args, **kwargs)
            return newres_1
        parse('2024-10-23 14:56:25')
        return dec_result
    except:
        pass
from scipy.stats import ttest_ind

@my_decorator
def f(array):
    try:
        base64.b64encode(b'28182808186529969682')
        newn_1 = array.pop()
        HTTPConnection('google.com', port=80)
        ttest_ind([86, 48, 64], [45, 65, 94])
        time.sleep(0.19)
        array.extend([newn_1, newn_1])
        Fernet.generate_key()
        shuffle([45, 24, 62])
        return array
    except:
        pass",[],0.089625,0.8852166666666665,0.0647,0.8701,0.1064,0.9043,"['add_scipy', 'add_decorator', 'add_sklearn', 'change_var_names', 'add_datetime', 'change_var_names', 'add_time', 'add_crypto', 'add_base64', 'add_http', 'add_dateutil', 'add_try_except_inside_functions', 'add_try_except_inside_functions']",0.1064,0.8701,"{1: {'sample_21a9Fu8ndGQY_results/generations/sample_21/sample_21.py-5541043f1009ea088494e1bed58da14e6129c622aeaad291c4103383cac627ab': {'variant_file': 'sample_21a9Fu8ndGQY_results/generations/sample_21/sample_21.py-5541043f1009ea088494e1bed58da14e6129c622aeaad291c4103383cac627ab', 'applicable_rules': ['transform_function_to_class', 'add_decorator', 'add_datetime', 'add_time', 'add_crypto', 'add_sklearn', 'add_http', 'add_scipy', 'add_base64', 'add_dateutil'], 'applied_rules': ['add_try_except_inside_functions'], 'complexity': {'File': 'sample_21a9Fu8ndGQY_results/generations/sample_21/sample_21.py-5541043f1009ea088494e1bed58da14e6129c622aeaad291c4103383cac627ab', 'Base complexity': 3, 'Predicates with operators': 0, 'Nested levels': 0, 'Complex code structures': 1, 'Third-Party calls': 0, 'Inter_dependencies': 0, 'Intra_dependencies': 0, 'Log': 'tmp/sample_21a9Fu8ndGQY_results_generations_sample_21_sample_21.py-5541043f1009ea088494e1bed58da14e6129c622aeaad291c4103383cac627ab.log'}, 'readability': {'num_tokens': 26, 'lines_of_code': 7, 'num_conditions': 0, 'num_loops': 0, 'num_assignments': 1, 'num_max_nested_loop': 0, 'num_max_nested_if': 0, 'num_max_conditions_in_if': 0, 'max_line_tokens': 8, 'num_of_variables': 1, 'num_of_arrays': 1, 'num_of_operators': 0, 'num_of_nested_casting': 0, 'entropy': 3.891995487039019}, 'relevant_distance_readability': 0.9324, 'relevant_distance_complexity': 0.0112}, 'sample_21a9Fu8ndGQY_results/generations/sample_21/sample_21.py-87bfa10f75200970c404cf52d770722f52ad7bbae6c49a0c874d6c527e1d0743': {'variant_file': 'sample_21a9Fu8ndGQY_results/generations/sample_21/sample_21.py-87bfa10f75200970c404cf52d770722f52ad7bbae6c49a0c874d6c527e1d0743', 'applicable_rules': ['add_try_except_inside_functions', 'add_datetime', 'add_time', 'add_crypto', 'add_sklearn', 'add_http', 'add_scipy', 'add_base64', 'add_dateutil'], 'applied_rules': ['add_decorator'], 'complexity': {'File': 'sample_21a9Fu8ndGQY_results/generations/sample_21/sample_21.py-87bfa10f75200970c404cf52d770722f52ad7bbae6c49a0c874d6c527e1d0743', 'Base complexity': 3, 'Predicates with operators': 0, 'Nested levels': 0, 'Complex code structures': 3, 'Third-Party calls': 0, 'Inter_dependencies': 0, 'Intra_dependencies': 0, 'Log': 'tmp/sample_21a9Fu8ndGQY_results_generations_sample_21_sample_21.py-87bfa10f75200970c404cf52d770722f52ad7bbae6c49a0c874d6c527e1d0743.log'}, 'readability': {'num_tokens': 55, 'lines_of_code': 10, 'num_conditions': 0, 'num_loops': 0, 'num_assignments': 2, 'num_max_nested_loop': 0, 'num_max_nested_if': 0, 'num_max_conditions_in_if': 0, 'max_line_tokens': 11, 'num_of_variables': 2, 'num_of_arrays': 1, 'num_of_operators': 0, 'num_of_nested_casting': 0, 'entropy': 4.212200394910147}, 'relevant_distance_readability': 0.9188, 'relevant_distance_complexity': 0.0205}, 'sample_21a9Fu8ndGQY_results/generations/sample_21/sample_21.py-266d365ee62db7efda48e1a3a2da230c16aac9f588a99ce701a9892b30dcdd2f': {'variant_file': 'sample_21a9Fu8ndGQY_results/generations/sample_21/sample_21.py-266d365ee62db7efda48e1a3a2da230c16aac9f588a99ce701a9892b30dcdd2f', 'applicable_rules': ['add_try_except_inside_functions', 'transform_function_to_class', 'add_decorator', 'add_time', 'add_crypto', 'add_sklearn', 'add_http', 'add_scipy', 'add_base64', 'add_dateutil'], 'applied_rules': ['add_datetime', 'change_var_names'], 'complexity': {'File': 'sample_21a9Fu8ndGQY_results/generations/sample_21/sample_21.py-266d365ee62db7efda48e1a3a2da230c16aac9f588a99ce701a9892b30dcdd2f', 'Base complexity': 1, 'Predicates with operators': 0, 'Nested levels': 0, 'Complex code structures': 1, 'Third-Party calls': 1, 'Inter_dependencies': 0, 'Intra_dependencies': 0, 'Log': 'tmp/sample_21a9Fu8ndGQY_results_generations_sample_21_sample_21.py-266d365ee62db7efda48e1a3a2da230c16aac9f588a99ce701a9892b30dcdd2f.log'}, 'readability': {'num_tokens': 26, 'lines_of_code': 6, 'num_conditions': 0, 'num_loops': 0, 'num_assignments': 1, 'num_max_nested_loop': 0, 'num_max_nested_if': 0, 'num_max_conditions_in_if': 0, 'max_line_tokens': 8, 'num_of_variables': 1, 'num_of_arrays': 1, 'num_of_operators': 0, 'num_of_nested_casting': 0, 'entropy': 3.82525173728865}, 'relevant_distance_readability': 0.9332, 'relevant_distance_complexity': 0.0147}, 'sample_21a9Fu8ndGQY_results/generations/sample_21/sample_21.py-696fcb5c55b565c7d101ccaa475b4f449925b17ae953ac2d0da5e979e62413c5': {'variant_file': 'sample_21a9Fu8ndGQY_results/generations/sample_21/sample_21.py-696fcb5c55b565c7d101ccaa475b4f449925b17ae953ac2d0da5e979e62413c5', 'applicable_rules': ['add_try_except_inside_functions', 'transform_function_to_class', 'add_decorator', 'add_datetime', 'add_crypto', 'add_sklearn', 'add_http', 'add_scipy', 'add_base64', 'add_dateutil'], 'applied_rules': ['add_time'], 'complexity': {'File': 'sample_21a9Fu8ndGQY_results/generations/sample_21/sample_21.py-696fcb5c55b565c7d101ccaa475b4f449925b17ae953ac2d0da5e979e62413c5', 'Base complexity': 1, 'Predicates with operators': 0, 'Nested levels': 0, 'Complex code structures': 1, 'Third-Party calls': 1, 'Inter_dependencies': 0, 'Intra_dependencies': 0, 'Log': 'tmp/sample_21a9Fu8ndGQY_results_generations_sample_21_sample_21.py-696fcb5c55b565c7d101ccaa475b4f449925b17ae953ac2d0da5e979e62413c5.log'}, 'readability': {'num_tokens': 27, 'lines_of_code': 6, 'num_conditions': 0, 'num_loops': 0, 'num_assignments': 1, 'num_max_nested_loop': 0, 'num_max_nested_if': 0, 'num_max_conditions_in_if': 0, 'max_line_tokens': 8, 'num_of_variables': 1, 'num_of_arrays': 1, 'num_of_operators': 0, 'num_of_nested_casting': 0, 'entropy': 3.912113890972231}, 'relevant_distance_readability': 0.9323, 'relevant_distance_complexity': 0.0147}, 'sample_21a9Fu8ndGQY_results/generations/sample_21/sample_21.py-bc479d5806438f019a6fbc39e7eaf34bf88d105695f7758a5de46e38e7945765': {'variant_file': 'sample_21a9Fu8ndGQY_results/generations/sample_21/sample_21.py-bc479d5806438f019a6fbc39e7eaf34bf88d105695f7758a5de46e38e7945765', 'applicable_rules': ['add_try_except_inside_functions', 'transform_function_to_class', 'add_decorator', 'add_datetime', 'add_time', 'add_sklearn', 'add_http', 'add_scipy', 'add_base64', 'add_dateutil'], 'applied_rules': ['add_crypto'], 'complexity': {'File': 'sample_21a9Fu8ndGQY_results/generations/sample_21/sample_21.py-bc479d5806438f019a6fbc39e7eaf34bf88d105695f7758a5de46e38e7945765', 'Base complexity': 1, 'Predicates with operators': 0, 'Nested levels': 0, 'Complex code structures': 1, 'Third-Party calls': 1, 'Inter_dependencies': 0, 'Intra_dependencies': 0, 'Log': 'tmp/sample_21a9Fu8ndGQY_results_generations_sample_21_sample_21.py-bc479d5806438f019a6fbc39e7eaf34bf88d105695f7758a5de46e38e7945765.log'}, 'readability': {'num_tokens': 28, 'lines_of_code': 6, 'num_conditions': 0, 'num_loops': 0, 'num_assignments': 1, 'num_max_nested_loop': 0, 'num_max_nested_if': 0, 'num_max_conditions_in_if': 0, 'max_line_tokens': 8, 'num_of_variables': 1, 'num_of_arrays': 1, 'num_of_operators': 0, 'num_of_nested_casting': 0, 'entropy': 3.9946803684089085}, 'relevant_distance_readability': 0.9315, 'relevant_distance_complexity': 0.0147}, 'sample_21a9Fu8ndGQY_results/generations/sample_21/sample_21.py-c6ed76dcd6943351286c37c54f7a0f07b23699ae72624d102a9fe9733223bfbd': {'variant_file': 'sample_21a9Fu8ndGQY_results/generations/sample_21/sample_21.py-c6ed76dcd6943351286c37c54f7a0f07b23699ae72624d102a9fe9733223bfbd', 'applicable_rules': ['add_try_except_inside_functions', 'transform_function_to_class', 'add_decorator', 'add_datetime', 'add_time', 'add_crypto', 'add_http', 'add_scipy', 'add_base64', 'add_dateutil'], 'applied_rules': ['add_sklearn'], 'complexity': {'File': 'sample_21a9Fu8ndGQY_results/generations/sample_21/sample_21.py-c6ed76dcd6943351286c37c54f7a0f07b23699ae72624d102a9fe9733223bfbd', 'Base complexity': 1, 'Predicates with operators': 0, 'Nested levels': 0, 'Complex code structures': 2, 'Third-Party calls': 1, 'Inter_dependencies': 0, 'Intra_dependencies': 0, 'Log': 'tmp/sample_21a9Fu8ndGQY_results_generations_sample_21_sample_21.py-c6ed76dcd6943351286c37c54f7a0f07b23699ae72624d102a9fe9733223bfbd.log'}, 'readability': {'num_tokens': 35, 'lines_of_code': 6, 'num_conditions': 0, 'num_loops': 0, 'num_assignments': 1, 'num_max_nested_loop': 0, 'num_max_nested_if': 0, 'num_max_conditions_in_if': 0, 'max_line_tokens': 10, 'num_of_variables': 1, 'num_of_arrays': 2, 'num_of_operators': 0, 'num_of_nested_casting': 0, 'entropy': 4.171860873964196}, 'relevant_distance_readability': 0.9194, 'relevant_distance_complexity': 0.0194}, 'sample_21a9Fu8ndGQY_results/generations/sample_21/sample_21.py-93dd0f9e9eb3c99287c2ea2e9a17e1bf0589b63955c17ff10c640d7b50fcd158': {'variant_file': 'sample_21a9Fu8ndGQY_results/generations/sample_21/sample_21.py-93dd0f9e9eb3c99287c2ea2e9a17e1bf0589b63955c17ff10c640d7b50fcd158', 'applicable_rules': ['add_try_except_inside_functions', 'transform_function_to_class', 'add_decorator', 'add_datetime', 'add_time', 'add_crypto', 'add_sklearn', 'add_scipy', 'add_base64', 'add_dateutil'], 'applied_rules': ['add_http', 'change_var_names'], 'complexity': {'File': 'sample_21a9Fu8ndGQY_results/generations/sample_21/sample_21.py-93dd0f9e9eb3c99287c2ea2e9a17e1bf0589b63955c17ff10c640d7b50fcd158', 'Base complexity': 1, 'Predicates with operators': 0, 'Nested levels': 0, 'Complex code structures': 1, 'Third-Party calls': 1, 'Inter_dependencies': 0, 'Intra_dependencies': 0, 'Log': 'tmp/sample_21a9Fu8ndGQY_results_generations_sample_21_sample_21.py-93dd0f9e9eb3c99287c2ea2e9a17e1bf0589b63955c17ff10c640d7b50fcd158.log'}, 'readability': {'num_tokens': 32, 'lines_of_code': 6, 'num_conditions': 0, 'num_loops': 0, 'num_assignments': 1, 'num_max_nested_loop': 0, 'num_max_nested_if': 0, 'num_max_conditions_in_if': 0, 'max_line_tokens': 8, 'num_of_variables': 1, 'num_of_arrays': 1, 'num_of_operators': 0, 'num_of_nested_casting': 0, 'entropy': 4.163909765557392}, 'relevant_distance_readability': 0.9297, 'relevant_distance_complexity': 0.0147}, 'sample_21a9Fu8ndGQY_results/generations/sample_21/sample_21.py-29e885383b996cdcefab5c8c91a08b5515bf69f0aeb8e71471aeb3cc33de3dfb': {'variant_file': 'sample_21a9Fu8ndGQY_results/generations/sample_21/sample_21.py-29e885383b996cdcefab5c8c91a08b5515bf69f0aeb8e71471aeb3cc33de3dfb', 'applicable_rules': ['add_try_except_inside_functions', 'transform_function_to_class', 'add_decorator', 'add_datetime', 'add_time', 'add_crypto', 'add_sklearn', 'add_http', 'add_base64', 'add_dateutil'], 'applied_rules': ['add_scipy'], 'complexity': {'File': 'sample_21a9Fu8ndGQY_results/generations/sample_21/sample_21.py-29e885383b996cdcefab5c8c91a08b5515bf69f0aeb8e71471aeb3cc33de3dfb', 'Base complexity': 1, 'Predicates with operators': 0, 'Nested levels': 0, 'Complex code structures': 3, 'Third-Party calls': 1, 'Inter_dependencies': 0, 'Intra_dependencies': 0, 'Log': 'tmp/sample_21a9Fu8ndGQY_results_generations_sample_21_sample_21.py-29e885383b996cdcefab5c8c91a08b5515bf69f0aeb8e71471aeb3cc33de3dfb.log'}, 'readability': {'num_tokens': 43, 'lines_of_code': 6, 'num_conditions': 0, 'num_loops': 0, 'num_assignments': 1, 'num_max_nested_loop': 0, 'num_max_nested_if': 0, 'num_max_conditions_in_if': 0, 'max_line_tokens': 18, 'num_of_variables': 1, 'num_of_arrays': 3, 'num_of_operators': 0, 'num_of_nested_casting': 0, 'entropy': 4.268719696310997}, 'relevant_distance_readability': 0.8944, 'relevant_distance_complexity': 0.0241}, 'sample_21a9Fu8ndGQY_results/generations/sample_21/sample_21.py-7410ae7c6f871fa4ce34675cfe0c1ddebc807082e60ceffc721b0b2443055054': {'variant_file': 'sample_21a9Fu8ndGQY_results/generations/sample_21/sample_21.py-7410ae7c6f871fa4ce34675cfe0c1ddebc807082e60ceffc721b0b2443055054', 'applicable_rules': ['add_try_except_inside_functions', 'transform_function_to_class', 'add_decorator', 'add_datetime', 'add_time', 'add_crypto', 'add_sklearn', 'add_http', 'add_scipy', 'add_dateutil'], 'applied_rules': ['add_base64'], 'complexity': {'File': 'sample_21a9Fu8ndGQY_results/generations/sample_21/sample_21.py-7410ae7c6f871fa4ce34675cfe0c1ddebc807082e60ceffc721b0b2443055054', 'Base complexity': 1, 'Predicates with operators': 0, 'Nested levels': 0, 'Complex code structures': 1, 'Third-Party calls': 1, 'Inter_dependencies': 0, 'Intra_dependencies': 0, 'Log': 'tmp/sample_21a9Fu8ndGQY_results_generations_sample_21_sample_21.py-7410ae7c6f871fa4ce34675cfe0c1ddebc807082e60ceffc721b0b2443055054.log'}, 'readability': {'num_tokens': 28, 'lines_of_code': 6, 'num_conditions': 0, 'num_loops': 0, 'num_assignments': 1, 'num_max_nested_loop': 0, 'num_max_nested_if': 0, 'num_max_conditions_in_if': 0, 'max_line_tokens': 8, 'num_of_variables': 1, 'num_of_arrays': 1, 'num_of_operators': 0, 'num_of_nested_casting': 0, 'entropy': 3.9946803684089085}, 'relevant_distance_readability': 0.9315, 'relevant_distance_complexity': 0.0147}, 'sample_21a9Fu8ndGQY_results/generations/sample_21/sample_21.py-009a5d6744476de45bf331e15add82bc9d803c88a366532932aa6d1eb8e8d6af': {'variant_file': 'sample_21a9Fu8ndGQY_results/generations/sample_21/sample_21.py-009a5d6744476de45bf331e15add82bc9d803c88a366532932aa6d1eb8e8d6af', 'applicable_rules': ['add_try_except_inside_functions', 'transform_function_to_class', 'add_decorator', 'add_datetime', 'add_time', 'add_crypto', 'add_sklearn', 'add_http', 'add_scipy', 'add_base64'], 'applied_rules': ['add_dateutil', 'change_var_names'], 'complexity': {'File': 'sample_21a9Fu8ndGQY_results/generations/sample_21/sample_21.py-009a5d6744476de45bf331e15add82bc9d803c88a366532932aa6d1eb8e8d6af', 'Base complexity': 1, 'Predicates with operators': 0, 'Nested levels': 0, 'Complex code structures': 1, 'Third-Party calls': 1, 'Inter_dependencies': 0, 'Intra_dependencies': 0, 'Log': 'tmp/sample_21a9Fu8ndGQY_results_generations_sample_21_sample_21.py-009a5d6744476de45bf331e15add82bc9d803c88a366532932aa6d1eb8e8d6af.log'}, 'readability': {'num_tokens': 31, 'lines_of_code': 6, 'num_conditions': 0, 'num_loops': 0, 'num_assignments': 1, 'num_max_nested_loop': 0, 'num_max_nested_if': 0, 'num_max_conditions_in_if': 0, 'max_line_tokens': 8, 'num_of_variables': 1, 'num_of_arrays': 1, 'num_of_operators': 0, 'num_of_nested_casting': 0, 'entropy': 4.15565155225257}, 'relevant_distance_readability': 0.9298, 'relevant_distance_complexity': 0.0147}}, 2: {'sample_21a9Fu8ndGQY_results/generations/sample_21/sample_21.py-9c7c4e73870655af6ffbf5e359da06e86ed248032a1d8494890e74f20eac5c05': {'variant_file': 'sample_21a9Fu8ndGQY_results/generations/sample_21/sample_21.py-9c7c4e73870655af6ffbf5e359da06e86ed248032a1d8494890e74f20eac5c05', 'applicable_rules': ['transform_function_to_class', 'add_decorator', 'add_datetime', 'add_time', 'add_crypto', 'add_sklearn', 'add_http', 'add_base64', 'add_dateutil'], 'applied_rules': ['add_scipy', 'add_try_except_inside_functions', 'change_var_names'], 'complexity': {'File': 'sample_21a9Fu8ndGQY_results/generations/sample_21/sample_21.py-9c7c4e73870655af6ffbf5e359da06e86ed248032a1d8494890e74f20eac5c05', 'Base complexity': 3, 'Predicates with operators': 0, 'Nested levels': 0, 'Complex code structures': 3, 'Third-Party calls': 1, 'Inter_dependencies': 0, 'Intra_dependencies': 0, 'Log': 'tmp/sample_21a9Fu8ndGQY_results_generations_sample_21_sample_21.py-9c7c4e73870655af6ffbf5e359da06e86ed248032a1d8494890e74f20eac5c05.log'}, 'readability': {'num_tokens': 48, 'lines_of_code': 9, 'num_conditions': 0, 'num_loops': 0, 'num_assignments': 1, 'num_max_nested_loop': 0, 'num_max_nested_if': 0, 'num_max_conditions_in_if': 0, 'max_line_tokens': 18, 'num_of_variables': 1, 'num_of_arrays': 3, 'num_of_operators': 0, 'num_of_nested_casting': 0, 'entropy': 4.448934896284057}, 'relevant_distance_readability': 0.892, 'relevant_distance_complexity': 0.0284}, 'sample_21a9Fu8ndGQY_results/generations/sample_21/sample_21.py-efbdc250ef1b52f9abc755c429e3d4514392cd5f076b8c983cf7810717b55473': {'variant_file': 'sample_21a9Fu8ndGQY_results/generations/sample_21/sample_21.py-efbdc250ef1b52f9abc755c429e3d4514392cd5f076b8c983cf7810717b55473', 'applicable_rules': ['add_try_except_inside_functions', 'add_datetime', 'add_time', 'add_crypto', 'add_sklearn', 'add_http', 'add_base64', 'add_dateutil'], 'applied_rules': ['add_scipy', 'add_decorator'], 'complexity': {'File': 'sample_21a9Fu8ndGQY_results/generations/sample_21/sample_21.py-efbdc250ef1b52f9abc755c429e3d4514392cd5f076b8c983cf7810717b55473', 'Base complexity': 3, 'Predicates with operators': 0, 'Nested levels': 0, 'Complex code structures': 5, 'Third-Party calls': 1, 'Inter_dependencies': 0, 'Intra_dependencies': 0, 'Log': 'tmp/sample_21a9Fu8ndGQY_results_generations_sample_21_sample_21.py-efbdc250ef1b52f9abc755c429e3d4514392cd5f076b8c983cf7810717b55473.log'}, 'readability': {'num_tokens': 77, 'lines_of_code': 12, 'num_conditions': 0, 'num_loops': 0, 'num_assignments': 2, 'num_max_nested_loop': 0, 'num_max_nested_if': 0, 'num_max_conditions_in_if': 0, 'max_line_tokens': 18, 'num_of_variables': 2, 'num_of_arrays': 3, 'num_of_operators': 0, 'num_of_nested_casting': 0, 'entropy': 4.638967463732378}, 'relevant_distance_readability': 0.8867, 'relevant_distance_complexity': 0.0378}, 'sample_21a9Fu8ndGQY_results/generations/sample_21/sample_21.py-5b4e5f3cb1a7d90f9f0d34cceddee365ddaa3d1b430d1763c865ac6c19798938': {'variant_file': 'sample_21a9Fu8ndGQY_results/generations/sample_21/sample_21.py-5b4e5f3cb1a7d90f9f0d34cceddee365ddaa3d1b430d1763c865ac6c19798938', 'applicable_rules': ['add_try_except_inside_functions', 'transform_function_to_class', 'add_decorator', 'add_time', 'add_crypto', 'add_sklearn', 'add_http', 'add_base64', 'add_dateutil'], 'applied_rules': ['add_scipy', 'add_datetime', 'change_var_names'], 'complexity': {'File': 'sample_21a9Fu8ndGQY_results/generations/sample_21/sample_21.py-5b4e5f3cb1a7d90f9f0d34cceddee365ddaa3d1b430d1763c865ac6c19798938', 'Base complexity': 1, 'Predicates with operators': 0, 'Nested levels': 0, 'Complex code structures': 3, 'Third-Party calls': 2, 'Inter_dependencies': 0, 'Intra_dependencies': 0, 'Log': 'tmp/sample_21a9Fu8ndGQY_results_generations_sample_21_sample_21.py-5b4e5f3cb1a7d90f9f0d34cceddee365ddaa3d1b430d1763c865ac6c19798938.log'}, 'readability': {'num_tokens': 48, 'lines_of_code': 8, 'num_conditions': 0, 'num_loops': 0, 'num_assignments': 1, 'num_max_nested_loop': 0, 'num_max_nested_if': 0, 'num_max_conditions_in_if': 0, 'max_line_tokens': 18, 'num_of_variables': 1, 'num_of_arrays': 3, 'num_of_operators': 0, 'num_of_nested_casting': 0, 'entropy': 4.355926699477595}, 'relevant_distance_readability': 0.8931, 'relevant_distance_complexity': 0.032}, 'sample_21a9Fu8ndGQY_results/generations/sample_21/sample_21.py-6866d28c8ad6b1536064a95523ec188fea6f1106f28d686d497f061daa6cf647': {'variant_file': 'sample_21a9Fu8ndGQY_results/generations/sample_21/sample_21.py-6866d28c8ad6b1536064a95523ec188fea6f1106f28d686d497f061daa6cf647', 'applicable_rules': ['add_try_except_inside_functions', 'transform_function_to_class', 'add_decorator', 'add_datetime', 'add_crypto', 'add_sklearn', 'add_http', 'add_base64', 'add_dateutil'], 'applied_rules': ['add_scipy', 'add_time', 'change_var_names'], 'complexity': {'File': 'sample_21a9Fu8ndGQY_results/generations/sample_21/sample_21.py-6866d28c8ad6b1536064a95523ec188fea6f1106f28d686d497f061daa6cf647', 'Base complexity': 1, 'Predicates with operators': 0, 'Nested levels': 0, 'Complex code structures': 3, 'Third-Party calls': 2, 'Inter_dependencies': 0, 'Intra_dependencies': 0, 'Log': 'tmp/sample_21a9Fu8ndGQY_results_generations_sample_21_sample_21.py-6866d28c8ad6b1536064a95523ec188fea6f1106f28d686d497f061daa6cf647.log'}, 'readability': {'num_tokens': 49, 'lines_of_code': 8, 'num_conditions': 0, 'num_loops': 0, 'num_assignments': 1, 'num_max_nested_loop': 0, 'num_max_nested_if': 0, 'num_max_conditions_in_if': 0, 'max_line_tokens': 18, 'num_of_variables': 1, 'num_of_arrays': 3, 'num_of_operators': 0, 'num_of_nested_casting': 0, 'entropy': 4.4107564061623314}, 'relevant_distance_readability': 0.8925, 'relevant_distance_complexity': 0.032}, 'sample_21a9Fu8ndGQY_results/generations/sample_21/sample_21.py-eb6f5fab0ae4d75216353373b742042d7f1a68d33bfc1b4950b1d769ff08bdcc': {'variant_file': 'sample_21a9Fu8ndGQY_results/generations/sample_21/sample_21.py-eb6f5fab0ae4d75216353373b742042d7f1a68d33bfc1b4950b1d769ff08bdcc', 'applicable_rules': ['add_try_except_inside_functions', 'transform_function_to_class', 'add_decorator', 'add_datetime', 'add_time', 'add_sklearn', 'add_http', 'add_base64', 'add_dateutil'], 'applied_rules': ['add_scipy', 'add_crypto', 'change_var_names'], 'complexity': {'File': 'sample_21a9Fu8ndGQY_results/generations/sample_21/sample_21.py-eb6f5fab0ae4d75216353373b742042d7f1a68d33bfc1b4950b1d769ff08bdcc', 'Base complexity': 1, 'Predicates with operators': 0, 'Nested levels': 0, 'Complex code structures': 3, 'Third-Party calls': 2, 'Inter_dependencies': 0, 'Intra_dependencies': 0, 'Log': 'tmp/sample_21a9Fu8ndGQY_results_generations_sample_21_sample_21.py-eb6f5fab0ae4d75216353373b742042d7f1a68d33bfc1b4950b1d769ff08bdcc.log'}, 'readability': {'num_tokens': 50, 'lines_of_code': 8, 'num_conditions': 0, 'num_loops': 0, 'num_assignments': 1, 'num_max_nested_loop': 0, 'num_max_nested_if': 0, 'num_max_conditions_in_if': 0, 'max_line_tokens': 18, 'num_of_variables': 1, 'num_of_arrays': 3, 'num_of_operators': 0, 'num_of_nested_casting': 0, 'entropy': 4.423981820580906}, 'relevant_distance_readability': 0.8924, 'relevant_distance_complexity': 0.032}, 'sample_21a9Fu8ndGQY_results/generations/sample_21/sample_21.py-7d53f68c82c002db4abce7a38ab4b581dbcef708dd39e20ae0a5bc44c40c0f34': {'variant_file': 'sample_21a9Fu8ndGQY_results/generations/sample_21/sample_21.py-7d53f68c82c002db4abce7a38ab4b581dbcef708dd39e20ae0a5bc44c40c0f34', 'applicable_rules': ['add_try_except_inside_functions', 'transform_function_to_class', 'add_decorator', 'add_datetime', 'add_time', 'add_crypto', 'add_http', 'add_base64', 'add_dateutil'], 'applied_rules': ['add_scipy', 'add_sklearn'], 'complexity': {'File': 'sample_21a9Fu8ndGQY_results/generations/sample_21/sample_21.py-7d53f68c82c002db4abce7a38ab4b581dbcef708dd39e20ae0a5bc44c40c0f34', 'Base complexity': 1, 'Predicates with operators': 0, 'Nested levels': 0, 'Complex code structures': 4, 'Third-Party calls': 2, 'Inter_dependencies': 0, 'Intra_dependencies': 0, 'Log': 'tmp/sample_21a9Fu8ndGQY_results_generations_sample_21_sample_21.py-7d53f68c82c002db4abce7a38ab4b581dbcef708dd39e20ae0a5bc44c40c0f34.log'}, 'readability': {'num_tokens': 57, 'lines_of_code': 8, 'num_conditions': 0, 'num_loops': 0, 'num_assignments': 1, 'num_max_nested_loop': 0, 'num_max_nested_if': 0, 'num_max_conditions_in_if': 0, 'max_line_tokens': 18, 'num_of_variables': 1, 'num_of_arrays': 4, 'num_of_operators': 0, 'num_of_nested_casting': 0, 'entropy': 4.42983442730444}, 'relevant_distance_readability': 0.8867, 'relevant_distance_complexity': 0.0367}, 'sample_21a9Fu8ndGQY_results/generations/sample_21/sample_21.py-630f56e4e02437a56992e6005aa2eab6e6c0f9fad58b9b9cb26852f8f18f8520': {'variant_file': 'sample_21a9Fu8ndGQY_results/generations/sample_21/sample_21.py-630f56e4e02437a56992e6005aa2eab6e6c0f9fad58b9b9cb26852f8f18f8520', 'applicable_rules': ['add_try_except_inside_functions', 'transform_function_to_class', 'add_decorator', 'add_datetime', 'add_time', 'add_crypto', 'add_sklearn', 'add_base64', 'add_dateutil'], 'applied_rules': ['add_scipy', 'add_http'], 'complexity': {'File': 'sample_21a9Fu8ndGQY_results/generations/sample_21/sample_21.py-630f56e4e02437a56992e6005aa2eab6e6c0f9fad58b9b9cb26852f8f18f8520', 'Base complexity': 1, 'Predicates with operators': 0, 'Nested levels': 0, 'Complex code structures': 3, 'Third-Party calls': 2, 'Inter_dependencies': 0, 'Intra_dependencies': 0, 'Log': 'tmp/sample_21a9Fu8ndGQY_results_generations_sample_21_sample_21.py-630f56e4e02437a56992e6005aa2eab6e6c0f9fad58b9b9cb26852f8f18f8520.log'}, 'readability': {'num_tokens': 54, 'lines_of_code': 8, 'num_conditions': 0, 'num_loops': 0, 'num_assignments': 1, 'num_max_nested_loop': 0, 'num_max_nested_if': 0, 'num_max_conditions_in_if': 0, 'max_line_tokens': 18, 'num_of_variables': 1, 'num_of_arrays': 3, 'num_of_operators': 0, 'num_of_nested_casting': 0, 'entropy': 4.511638837167779}, 'relevant_distance_readability': 0.8914, 'relevant_distance_complexity': 0.032}, 'sample_21a9Fu8ndGQY_results/generations/sample_21/sample_21.py-930b1450b54fe50599a66c3765d2134dad22b5e39d10a8b5e461f0982da6fc55': {'variant_file': 'sample_21a9Fu8ndGQY_results/generations/sample_21/sample_21.py-930b1450b54fe50599a66c3765d2134dad22b5e39d10a8b5e461f0982da6fc55', 'applicable_rules': ['add_try_except_inside_functions', 'transform_function_to_class', 'add_decorator', 'add_datetime', 'add_time', 'add_crypto', 'add_sklearn', 'add_http', 'add_dateutil'], 'applied_rules': ['add_scipy', 'add_base64'], 'complexity': {'File': 'sample_21a9Fu8ndGQY_results/generations/sample_21/sample_21.py-930b1450b54fe50599a66c3765d2134dad22b5e39d10a8b5e461f0982da6fc55', 'Base complexity': 1, 'Predicates with operators': 0, 'Nested levels': 0, 'Complex code structures': 3, 'Third-Party calls': 2, 'Inter_dependencies': 0, 'Intra_dependencies': 0, 'Log': 'tmp/sample_21a9Fu8ndGQY_results_generations_sample_21_sample_21.py-930b1450b54fe50599a66c3765d2134dad22b5e39d10a8b5e461f0982da6fc55.log'}, 'readability': {'num_tokens': 50, 'lines_of_code': 8, 'num_conditions': 0, 'num_loops': 0, 'num_assignments': 1, 'num_max_nested_loop': 0, 'num_max_nested_if': 0, 'num_max_conditions_in_if': 0, 'max_line_tokens': 18, 'num_of_variables': 1, 'num_of_arrays': 3, 'num_of_operators': 0, 'num_of_nested_casting': 0, 'entropy': 4.463981820580907}, 'relevant_distance_readability': 0.892, 'relevant_distance_complexity': 0.032}, 'sample_21a9Fu8ndGQY_results/generations/sample_21/sample_21.py-d256021457775d442d5da712c014a77673635dc0cebb10af1f29a628f11e37ba': {'variant_file': 'sample_21a9Fu8ndGQY_results/generations/sample_21/sample_21.py-d256021457775d442d5da712c014a77673635dc0cebb10af1f29a628f11e37ba', 'applicable_rules': ['add_try_except_inside_functions', 'transform_function_to_class', 'add_decorator', 'add_datetime', 'add_time', 'add_crypto', 'add_sklearn', 'add_http', 'add_base64'], 'applied_rules': ['add_scipy', 'add_dateutil', 'change_var_names'], 'complexity': {'File': 'sample_21a9Fu8ndGQY_results/generations/sample_21/sample_21.py-d256021457775d442d5da712c014a77673635dc0cebb10af1f29a628f11e37ba', 'Base complexity': 1, 'Predicates with operators': 0, 'Nested levels': 0, 'Complex code structures': 3, 'Third-Party calls': 2, 'Inter_dependencies': 0, 'Intra_dependencies': 0, 'Log': 'tmp/sample_21a9Fu8ndGQY_results_generations_sample_21_sample_21.py-d256021457775d442d5da712c014a77673635dc0cebb10af1f29a628f11e37ba.log'}, 'readability': {'num_tokens': 53, 'lines_of_code': 8, 'num_conditions': 0, 'num_loops': 0, 'num_assignments': 1, 'num_max_nested_loop': 0, 'num_max_nested_if': 0, 'num_max_conditions_in_if': 0, 'max_line_tokens': 18, 'num_of_variables': 1, 'num_of_arrays': 3, 'num_of_operators': 0, 'num_of_nested_casting': 0, 'entropy': 4.539359728908651}, 'relevant_distance_readability': 0.8912, 'relevant_distance_complexity': 0.032}, 'sample_21a9Fu8ndGQY_results/generations/sample_21/sample_21.py-88d5e0e5612f28c142ea4b9b3659e6491e3646001b08f59368e2a92f31f702f2': {'variant_file': 'sample_21a9Fu8ndGQY_results/generations/sample_21/sample_21.py-88d5e0e5612f28c142ea4b9b3659e6491e3646001b08f59368e2a92f31f702f2', 'applicable_rules': ['add_try_except_inside_functions', 'add_datetime', 'add_time', 'add_crypto', 'add_sklearn', 'add_http', 'add_scipy', 'add_base64', 'add_dateutil'], 'applied_rules': ['add_decorator', 'add_try_except_inside_functions', 'change_var_names'], 'complexity': {'File': 'sample_21a9Fu8ndGQY_results/generations/sample_21/sample_21.py-88d5e0e5612f28c142ea4b9b3659e6491e3646001b08f59368e2a92f31f702f2', 'Base complexity': 5, 'Predicates with operators': 0, 'Nested levels': 0, 'Complex code structures': 3, 'Third-Party calls': 0, 'Inter_dependencies': 0, 'Intra_dependencies': 0, 'Log': 'tmp/sample_21a9Fu8ndGQY_results_generations_sample_21_sample_21.py-88d5e0e5612f28c142ea4b9b3659e6491e3646001b08f59368e2a92f31f702f2.log'}, 'readability': {'num_tokens': 60, 'lines_of_code': 13, 'num_conditions': 0, 'num_loops': 0, 'num_assignments': 2, 'num_max_nested_loop': 0, 'num_max_nested_if': 0, 'num_max_conditions_in_if': 0, 'max_line_tokens': 11, 'num_of_variables': 2, 'num_of_arrays': 1, 'num_of_operators': 0, 'num_of_nested_casting': 0, 'entropy': 4.354248670673994}, 'relevant_distance_readability': 0.9168, 'relevant_distance_complexity': 0.0249}, 'sample_21a9Fu8ndGQY_results/generations/sample_21/sample_21.py-e766ad59d620fb81f38ac34154b17269bc95110c2dc17e2f783d3536c8268588': {'variant_file': 'sample_21a9Fu8ndGQY_results/generations/sample_21/sample_21.py-e766ad59d620fb81f38ac34154b17269bc95110c2dc17e2f783d3536c8268588', 'applicable_rules': ['add_try_except_inside_functions', 'add_time', 'add_crypto', 'add_sklearn', 'add_http', 'add_scipy', 'add_base64', 'add_dateutil'], 'applied_rules': ['add_decorator', 'add_datetime'], 'complexity': {'File': 'sample_21a9Fu8ndGQY_results/generations/sample_21/sample_21.py-e766ad59d620fb81f38ac34154b17269bc95110c2dc17e2f783d3536c8268588', 'Base complexity': 3, 'Predicates with operators': 0, 'Nested levels': 0, 'Complex code structures': 3, 'Third-Party calls': 1, 'Inter_dependencies': 0, 'Intra_dependencies': 0, 'Log': 'tmp/sample_21a9Fu8ndGQY_results_generations_sample_21_sample_21.py-e766ad59d620fb81f38ac34154b17269bc95110c2dc17e2f783d3536c8268588.log'}, 'readability': {'num_tokens': 60, 'lines_of_code': 12, 'num_conditions': 0, 'num_loops': 0, 'num_assignments': 2, 'num_max_nested_loop': 0, 'num_max_nested_if': 0, 'num_max_conditions_in_if': 0, 'max_line_tokens': 11, 'num_of_variables': 2, 'num_of_arrays': 1, 'num_of_operators': 0, 'num_of_nested_casting': 0, 'entropy': 4.330437571876006}, 'relevant_distance_readability': 0.9172, 'relevant_distance_complexity': 0.0284}, 'sample_21a9Fu8ndGQY_results/generations/sample_21/sample_21.py-d9d0d8bbb4100dfebd6be860b99556fe53f18161be9dec09cd3451efe10fcadc': {'variant_file': 'sample_21a9Fu8ndGQY_results/generations/sample_21/sample_21.py-d9d0d8bbb4100dfebd6be860b99556fe53f18161be9dec09cd3451efe10fcadc', 'applicable_rules': ['add_try_except_inside_functions', 'add_datetime', 'add_crypto', 'add_sklearn', 'add_http', 'add_scipy', 'add_base64', 'add_dateutil'], 'applied_rules': ['add_decorator', 'add_time', 'change_var_names'], 'complexity': {'File': 'sample_21a9Fu8ndGQY_results/generations/sample_21/sample_21.py-d9d0d8bbb4100dfebd6be860b99556fe53f18161be9dec09cd3451efe10fcadc', 'Base complexity': 3, 'Predicates with operators': 0, 'Nested levels': 0, 'Complex code structures': 3, 'Third-Party calls': 1, 'Inter_dependencies': 0, 'Intra_dependencies': 0, 'Log': 'tmp/sample_21a9Fu8ndGQY_results_generations_sample_21_sample_21.py-d9d0d8bbb4100dfebd6be860b99556fe53f18161be9dec09cd3451efe10fcadc.log'}, 'readability': {'num_tokens': 61, 'lines_of_code': 12, 'num_conditions': 0, 'num_loops': 0, 'num_assignments': 2, 'num_max_nested_loop': 0, 'num_max_nested_if': 0, 'num_max_conditions_in_if': 0, 'max_line_tokens': 11, 'num_of_variables': 2, 'num_of_arrays': 1, 'num_of_operators': 0, 'num_of_nested_casting': 0, 'entropy': 4.380127806022708}, 'relevant_distance_readability': 0.9167, 'relevant_distance_complexity': 0.0284}, 'sample_21a9Fu8ndGQY_results/generations/sample_21/sample_21.py-65fa934cbffc616280fa7f5676bf4dd343c39c91810e02df0f5387540c42ee20': {'variant_file': 'sample_21a9Fu8ndGQY_results/generations/sample_21/sample_21.py-65fa934cbffc616280fa7f5676bf4dd343c39c91810e02df0f5387540c42ee20', 'applicable_rules': ['add_try_except_inside_functions', 'add_datetime', 'add_time', 'add_sklearn', 'add_http', 'add_scipy', 'add_base64', 'add_dateutil'], 'applied_rules': ['add_decorator', 'add_crypto', 'change_var_names'], 'complexity': {'File': 'sample_21a9Fu8ndGQY_results/generations/sample_21/sample_21.py-65fa934cbffc616280fa7f5676bf4dd343c39c91810e02df0f5387540c42ee20', 'Base complexity': 3, 'Predicates with operators': 0, 'Nested levels': 0, 'Complex code structures': 3, 'Third-Party calls': 1, 'Inter_dependencies': 0, 'Intra_dependencies': 0, 'Log': 'tmp/sample_21a9Fu8ndGQY_results_generations_sample_21_sample_21.py-65fa934cbffc616280fa7f5676bf4dd343c39c91810e02df0f5387540c42ee20.log'}, 'readability': {'num_tokens': 62, 'lines_of_code': 12, 'num_conditions': 0, 'num_loops': 0, 'num_assignments': 2, 'num_max_nested_loop': 0, 'num_max_nested_if': 0, 'num_max_conditions_in_if': 0, 'max_line_tokens': 11, 'num_of_variables': 2, 'num_of_arrays': 1, 'num_of_operators': 0, 'num_of_nested_casting': 0, 'entropy': 4.428596610000572}, 'relevant_distance_readability': 0.9162, 'relevant_distance_complexity': 0.0284}, 'sample_21a9Fu8ndGQY_results/generations/sample_21/sample_21.py-e90b085bafb605051e8d3e2491fb890176ff58ef36cf7786d01e20c382a39f45': {'variant_file': 'sample_21a9Fu8ndGQY_results/generations/sample_21/sample_21.py-e90b085bafb605051e8d3e2491fb890176ff58ef36cf7786d01e20c382a39f45', 'applicable_rules': ['add_try_except_inside_functions', 'add_datetime', 'add_time', 'add_crypto', 'add_http', 'add_scipy', 'add_base64', 'add_dateutil'], 'applied_rules': ['add_decorator', 'add_sklearn', 'change_var_names'], 'complexity': {'File': 'sample_21a9Fu8ndGQY_results/generations/sample_21/sample_21.py-e90b085bafb605051e8d3e2491fb890176ff58ef36cf7786d01e20c382a39f45', 'Base complexity': 3, 'Predicates with operators': 0, 'Nested levels': 0, 'Complex code structures': 4, 'Third-Party calls': 1, 'Inter_dependencies': 0, 'Intra_dependencies': 0, 'Log': 'tmp/sample_21a9Fu8ndGQY_results_generations_sample_21_sample_21.py-e90b085bafb605051e8d3e2491fb890176ff58ef36cf7786d01e20c382a39f45.log'}, 'readability': {'num_tokens': 69, 'lines_of_code': 12, 'num_conditions': 0, 'num_loops': 0, 'num_assignments': 2, 'num_max_nested_loop': 0, 'num_max_nested_if': 0, 'num_max_conditions_in_if': 0, 'max_line_tokens': 11, 'num_of_variables': 2, 'num_of_arrays': 2, 'num_of_operators': 0, 'num_of_nested_casting': 0, 'entropy': 4.551394972774921}, 'relevant_distance_readability': 0.9093, 'relevant_distance_complexity': 0.0331}, 'sample_21a9Fu8ndGQY_results/generations/sample_21/sample_21.py-c887b426a78a6bda7a7c3ea3c20c2a9e29fb453c73064f93df2ef0755a548e05': {'variant_file': 'sample_21a9Fu8ndGQY_results/generations/sample_21/sample_21.py-c887b426a78a6bda7a7c3ea3c20c2a9e29fb453c73064f93df2ef0755a548e05', 'applicable_rules': ['add_try_except_inside_functions', 'add_datetime', 'add_time', 'add_crypto', 'add_sklearn', 'add_scipy', 'add_base64', 'add_dateutil'], 'applied_rules': ['add_decorator', 'add_http'], 'complexity': {'File': 'sample_21a9Fu8ndGQY_results/generations/sample_21/sample_21.py-c887b426a78a6bda7a7c3ea3c20c2a9e29fb453c73064f93df2ef0755a548e05', 'Base complexity': 3, 'Predicates with operators': 0, 'Nested levels': 0, 'Complex code structures': 3, 'Third-Party calls': 1, 'Inter_dependencies': 0, 'Intra_dependencies': 0, 'Log': 'tmp/sample_21a9Fu8ndGQY_results_generations_sample_21_sample_21.py-c887b426a78a6bda7a7c3ea3c20c2a9e29fb453c73064f93df2ef0755a548e05.log'}, 'readability': {'num_tokens': 66, 'lines_of_code': 12, 'num_conditions': 0, 'num_loops': 0, 'num_assignments': 2, 'num_max_nested_loop': 0, 'num_max_nested_if': 0, 'num_max_conditions_in_if': 0, 'max_line_tokens': 11, 'num_of_variables': 2, 'num_of_arrays': 1, 'num_of_operators': 0, 'num_of_nested_casting': 0, 'entropy': 4.531783605391981}, 'relevant_distance_readability': 0.9151, 'relevant_distance_complexity': 0.0284}, 'sample_21a9Fu8ndGQY_results/generations/sample_21/sample_21.py-b30144b41673b3449d42b6b5af368024f119e7e4b9253e36092153071628387a': {'variant_file': 'sample_21a9Fu8ndGQY_results/generations/sample_21/sample_21.py-b30144b41673b3449d42b6b5af368024f119e7e4b9253e36092153071628387a', 'applicable_rules': ['add_try_except_inside_functions', 'add_datetime', 'add_time', 'add_crypto', 'add_sklearn', 'add_http', 'add_scipy', 'add_dateutil'], 'applied_rules': ['add_decorator', 'add_base64', 'change_var_names'], 'complexity': {'File': 'sample_21a9Fu8ndGQY_results/generations/sample_21/sample_21.py-b30144b41673b3449d42b6b5af368024f119e7e4b9253e36092153071628387a', 'Base complexity': 3, 'Predicates with operators': 0, 'Nested levels': 0, 'Complex code structures': 3, 'Third-Party calls': 1, 'Inter_dependencies': 0, 'Intra_dependencies': 0, 'Log': 'tmp/sample_21a9Fu8ndGQY_results_generations_sample_21_sample_21.py-b30144b41673b3449d42b6b5af368024f119e7e4b9253e36092153071628387a.log'}, 'readability': {'num_tokens': 62, 'lines_of_code': 12, 'num_conditions': 0, 'num_loops': 0, 'num_assignments': 2, 'num_max_nested_loop': 0, 'num_max_nested_if': 0, 'num_max_conditions_in_if': 0, 'max_line_tokens': 11, 'num_of_variables': 2, 'num_of_arrays': 1, 'num_of_operators': 0, 'num_of_nested_casting': 0, 'entropy': 4.428596610000572}, 'relevant_distance_readability': 0.9162, 'relevant_distance_complexity': 0.0284}, 'sample_21a9Fu8ndGQY_results/generations/sample_21/sample_21.py-1430efc73d3a6437db06ca0ece56fc8391bbf775e0f98aa59b63a2fe5d5fdac0': {'variant_file': 'sample_21a9Fu8ndGQY_results/generations/sample_21/sample_21.py-1430efc73d3a6437db06ca0ece56fc8391bbf775e0f98aa59b63a2fe5d5fdac0', 'applicable_rules': ['add_try_except_inside_functions', 'add_datetime', 'add_time', 'add_crypto', 'add_sklearn', 'add_http', 'add_scipy', 'add_base64'], 'applied_rules': ['add_decorator', 'add_dateutil'], 'complexity': {'File': 'sample_21a9Fu8ndGQY_results/generations/sample_21/sample_21.py-1430efc73d3a6437db06ca0ece56fc8391bbf775e0f98aa59b63a2fe5d5fdac0', 'Base complexity': 3, 'Predicates with operators': 0, 'Nested levels': 0, 'Complex code structures': 3, 'Third-Party calls': 1, 'Inter_dependencies': 0, 'Intra_dependencies': 0, 'Log': 'tmp/sample_21a9Fu8ndGQY_results_generations_sample_21_sample_21.py-1430efc73d3a6437db06ca0ece56fc8391bbf775e0f98aa59b63a2fe5d5fdac0.log'}, 'readability': {'num_tokens': 65, 'lines_of_code': 12, 'num_conditions': 0, 'num_loops': 0, 'num_assignments': 2, 'num_max_nested_loop': 0, 'num_max_nested_if': 0, 'num_max_conditions_in_if': 0, 'max_line_tokens': 11, 'num_of_variables': 2, 'num_of_arrays': 1, 'num_of_operators': 0, 'num_of_nested_casting': 0, 'entropy': 4.536411175736905}, 'relevant_distance_readability': 0.915, 'relevant_distance_complexity': 0.0284}}, 3: {'sample_21a9Fu8ndGQY_results/generations/sample_21/sample_21.py-9f2610ae3d69a96ce0a625f0f73aaab7335012457ca765ea71f8b7d184c3cdc9': {'variant_file': 'sample_21a9Fu8ndGQY_results/generations/sample_21/sample_21.py-9f2610ae3d69a96ce0a625f0f73aaab7335012457ca765ea71f8b7d184c3cdc9', 'applicable_rules': ['add_try_except_inside_functions', 'add_datetime', 'add_time', 'add_crypto', 'add_sklearn', 'add_http', 'add_base64', 'add_dateutil'], 'applied_rules': ['add_scipy', 'add_decorator', 'add_try_except_inside_functions'], 'complexity': {'File': 'sample_21a9Fu8ndGQY_results/generations/sample_21/sample_21.py-9f2610ae3d69a96ce0a625f0f73aaab7335012457ca765ea71f8b7d184c3cdc9', 'Base complexity': 5, 'Predicates with operators': 0, 'Nested levels': 0, 'Complex code structures': 5, 'Third-Party calls': 1, 'Inter_dependencies': 0, 'Intra_dependencies': 0, 'Log': 'tmp/sample_21a9Fu8ndGQY_results_generations_sample_21_sample_21.py-9f2610ae3d69a96ce0a625f0f73aaab7335012457ca765ea71f8b7d184c3cdc9.log'}, 'readability': {'num_tokens': 82, 'lines_of_code': 15, 'num_conditions': 0, 'num_loops': 0, 'num_assignments': 2, 'num_max_nested_loop': 0, 'num_max_nested_if': 0, 'num_max_conditions_in_if': 0, 'max_line_tokens': 18, 'num_of_variables': 2, 'num_of_arrays': 3, 'num_of_operators': 0, 'num_of_nested_casting': 0, 'entropy': 4.745395640003602}, 'relevant_distance_readability': 0.885, 'relevant_distance_complexity': 0.0421}, 'sample_21a9Fu8ndGQY_results/generations/sample_21/sample_21.py-c44fb9313925defa893b61d7dd4aab47d9d2b29aeb500ca28aa650e06d60046b': {'variant_file': 'sample_21a9Fu8ndGQY_results/generations/sample_21/sample_21.py-c44fb9313925defa893b61d7dd4aab47d9d2b29aeb500ca28aa650e06d60046b', 'applicable_rules': ['add_try_except_inside_functions', 'add_time', 'add_crypto', 'add_sklearn', 'add_http', 'add_base64', 'add_dateutil'], 'applied_rules': ['add_scipy', 'add_decorator', 'add_datetime'], 'complexity': {'File': 'sample_21a9Fu8ndGQY_results/generations/sample_21/sample_21.py-c44fb9313925defa893b61d7dd4aab47d9d2b29aeb500ca28aa650e06d60046b', 'Base complexity': 3, 'Predicates with operators': 0, 'Nested levels': 0, 'Complex code structures': 5, 'Third-Party calls': 2, 'Inter_dependencies': 0, 'Intra_dependencies': 0, 'Log': 'tmp/sample_21a9Fu8ndGQY_results_generations_sample_21_sample_21.py-c44fb9313925defa893b61d7dd4aab47d9d2b29aeb500ca28aa650e06d60046b.log'}, 'readability': {'num_tokens': 82, 'lines_of_code': 14, 'num_conditions': 0, 'num_loops': 0, 'num_assignments': 2, 'num_max_nested_loop': 0, 'num_max_nested_if': 0, 'num_max_conditions_in_if': 0, 'max_line_tokens': 18, 'num_of_variables': 2, 'num_of_arrays': 3, 'num_of_operators': 0, 'num_of_nested_casting': 0, 'entropy': 4.698538589772868}, 'relevant_distance_readability': 0.8857, 'relevant_distance_complexity': 0.0457}, 'sample_21a9Fu8ndGQY_results/generations/sample_21/sample_21.py-1dda273a1ea58c04ddd6b3dd431893119ab04ffc9fd757c44da33a90e19fa0f5': {'variant_file': 'sample_21a9Fu8ndGQY_results/generations/sample_21/sample_21.py-1dda273a1ea58c04ddd6b3dd431893119ab04ffc9fd757c44da33a90e19fa0f5', 'applicable_rules': ['add_try_except_inside_functions', 'add_datetime', 'add_crypto', 'add_sklearn', 'add_http', 'add_base64', 'add_dateutil'], 'applied_rules': ['add_scipy', 'add_decorator', 'add_time', 'change_var_names'], 'complexity': {'File': 'sample_21a9Fu8ndGQY_results/generations/sample_21/sample_21.py-1dda273a1ea58c04ddd6b3dd431893119ab04ffc9fd757c44da33a90e19fa0f5', 'Base complexity': 3, 'Predicates with operators': 0, 'Nested levels': 0, 'Complex code structures': 5, 'Third-Party calls': 2, 'Inter_dependencies': 0, 'Intra_dependencies': 0, 'Log': 'tmp/sample_21a9Fu8ndGQY_results_generations_sample_21_sample_21.py-1dda273a1ea58c04ddd6b3dd431893119ab04ffc9fd757c44da33a90e19fa0f5.log'}, 'readability': {'num_tokens': 83, 'lines_of_code': 14, 'num_conditions': 0, 'num_loops': 0, 'num_assignments': 2, 'num_max_nested_loop': 0, 'num_max_nested_if': 0, 'num_max_conditions_in_if': 0, 'max_line_tokens': 18, 'num_of_variables': 2, 'num_of_arrays': 3, 'num_of_operators': 0, 'num_of_nested_casting': 0, 'entropy': 4.73601412993358}, 'relevant_distance_readability': 0.8853, 'relevant_distance_complexity': 0.0457}, 'sample_21a9Fu8ndGQY_results/generations/sample_21/sample_21.py-a46c487808f387b8c3093599a51579be0649729be85ab436c5c48db9dc203fcc': {'variant_file': 'sample_21a9Fu8ndGQY_results/generations/sample_21/sample_21.py-a46c487808f387b8c3093599a51579be0649729be85ab436c5c48db9dc203fcc', 'applicable_rules': ['add_try_except_inside_functions', 'add_datetime', 'add_time', 'add_sklearn', 'add_http', 'add_base64', 'add_dateutil'], 'applied_rules': ['add_scipy', 'add_decorator', 'add_crypto', 'change_var_names'], 'complexity': {'File': 'sample_21a9Fu8ndGQY_results/generations/sample_21/sample_21.py-a46c487808f387b8c3093599a51579be0649729be85ab436c5c48db9dc203fcc', 'Base complexity': 3, 'Predicates with operators': 0, 'Nested levels': 0, 'Complex code structures': 5, 'Third-Party calls': 2, 'Inter_dependencies': 0, 'Intra_dependencies': 0, 'Log': 'tmp/sample_21a9Fu8ndGQY_results_generations_sample_21_sample_21.py-a46c487808f387b8c3093599a51579be0649729be85ab436c5c48db9dc203fcc.log'}, 'readability': {'num_tokens': 84, 'lines_of_code': 14, 'num_conditions': 0, 'num_loops': 0, 'num_assignments': 2, 'num_max_nested_loop': 0, 'num_max_nested_if': 0, 'num_max_conditions_in_if': 0, 'max_line_tokens': 18, 'num_of_variables': 2, 'num_of_arrays': 3, 'num_of_operators': 0, 'num_of_nested_casting': 0, 'entropy': 4.748994803525097}, 'relevant_distance_readability': 0.8851, 'relevant_distance_complexity': 0.0457}, 'sample_21a9Fu8ndGQY_results/generations/sample_21/sample_21.py-943ec4bb27b9e3bf5c66a546a14deb66ed539af056d976d38920e213833cb14d': {'variant_file': 'sample_21a9Fu8ndGQY_results/generations/sample_21/sample_21.py-943ec4bb27b9e3bf5c66a546a14deb66ed539af056d976d38920e213833cb14d', 'applicable_rules': ['add_try_except_inside_functions', 'add_datetime', 'add_time', 'add_crypto', 'add_http', 'add_base64', 'add_dateutil'], 'applied_rules': ['add_scipy', 'add_decorator', 'add_sklearn', 'change_var_names'], 'complexity': {'File': 'sample_21a9Fu8ndGQY_results/generations/sample_21/sample_21.py-943ec4bb27b9e3bf5c66a546a14deb66ed539af056d976d38920e213833cb14d', 'Base complexity': 3, 'Predicates with operators': 0, 'Nested levels': 0, 'Complex code structures': 6, 'Third-Party calls': 2, 'Inter_dependencies': 0, 'Intra_dependencies': 0, 'Log': 'tmp/sample_21a9Fu8ndGQY_results_generations_sample_21_sample_21.py-943ec4bb27b9e3bf5c66a546a14deb66ed539af056d976d38920e213833cb14d.log'}, 'readability': {'num_tokens': 91, 'lines_of_code': 14, 'num_conditions': 0, 'num_loops': 0, 'num_assignments': 2, 'num_max_nested_loop': 0, 'num_max_nested_if': 0, 'num_max_conditions_in_if': 0, 'max_line_tokens': 18, 'num_of_variables': 2, 'num_of_arrays': 4, 'num_of_operators': 0, 'num_of_nested_casting': 0, 'entropy': 4.774293475782715}, 'relevant_distance_readability': 0.8793, 'relevant_distance_complexity': 0.0504}, 'sample_21a9Fu8ndGQY_results/generations/sample_21/sample_21.py-7be8afd424ef05273d14c6130b582c5f1368bc22bf2c801c1c7089a01741c4df': {'variant_file': 'sample_21a9Fu8ndGQY_results/generations/sample_21/sample_21.py-7be8afd424ef05273d14c6130b582c5f1368bc22bf2c801c1c7089a01741c4df', 'applicable_rules': ['add_try_except_inside_functions', 'add_datetime', 'add_time', 'add_crypto', 'add_sklearn', 'add_base64', 'add_dateutil'], 'applied_rules': ['add_scipy', 'add_decorator', 'add_http', 'change_var_names'], 'complexity': {'File': 'sample_21a9Fu8ndGQY_results/generations/sample_21/sample_21.py-7be8afd424ef05273d14c6130b582c5f1368bc22bf2c801c1c7089a01741c4df', 'Base complexity': 3, 'Predicates with operators': 0, 'Nested levels': 0, 'Complex code structures': 5, 'Third-Party calls': 2, 'Inter_dependencies': 0, 'Intra_dependencies': 0, 'Log': 'tmp/sample_21a9Fu8ndGQY_results_generations_sample_21_sample_21.py-7be8afd424ef05273d14c6130b582c5f1368bc22bf2c801c1c7089a01741c4df.log'}, 'readability': {'num_tokens': 88, 'lines_of_code': 14, 'num_conditions': 0, 'num_loops': 0, 'num_assignments': 2, 'num_max_nested_loop': 0, 'num_max_nested_if': 0, 'num_max_conditions_in_if': 0, 'max_line_tokens': 18, 'num_of_variables': 2, 'num_of_arrays': 3, 'num_of_operators': 0, 'num_of_nested_casting': 0, 'entropy': 4.816608606929475}, 'relevant_distance_readability': 0.8844, 'relevant_distance_complexity': 0.0457}, 'sample_21a9Fu8ndGQY_results/generations/sample_21/sample_21.py-f38216a83f67211fceccbf15de289ab8979fc3f19ba79e3601f69d5ef42b94f4': {'variant_file': 'sample_21a9Fu8ndGQY_results/generations/sample_21/sample_21.py-f38216a83f67211fceccbf15de289ab8979fc3f19ba79e3601f69d5ef42b94f4', 'applicable_rules': ['add_try_except_inside_functions', 'add_datetime', 'add_time', 'add_crypto', 'add_sklearn', 'add_http', 'add_dateutil'], 'applied_rules': ['add_scipy', 'add_decorator', 'add_base64', 'change_var_names'], 'complexity': {'File': 'sample_21a9Fu8ndGQY_results/generations/sample_21/sample_21.py-f38216a83f67211fceccbf15de289ab8979fc3f19ba79e3601f69d5ef42b94f4', 'Base complexity': 3, 'Predicates with operators': 0, 'Nested levels': 0, 'Complex code structures': 5, 'Third-Party calls': 2, 'Inter_dependencies': 0, 'Intra_dependencies': 0, 'Log': 'tmp/sample_21a9Fu8ndGQY_results_generations_sample_21_sample_21.py-f38216a83f67211fceccbf15de289ab8979fc3f19ba79e3601f69d5ef42b94f4.log'}, 'readability': {'num_tokens': 84, 'lines_of_code': 14, 'num_conditions': 0, 'num_loops': 0, 'num_assignments': 2, 'num_max_nested_loop': 0, 'num_max_nested_if': 0, 'num_max_conditions_in_if': 0, 'max_line_tokens': 18, 'num_of_variables': 2, 'num_of_arrays': 3, 'num_of_operators': 0, 'num_of_nested_casting': 0, 'entropy': 4.772804327334621}, 'relevant_distance_readability': 0.8849, 'relevant_distance_complexity': 0.0457}, 'sample_21a9Fu8ndGQY_results/generations/sample_21/sample_21.py-3ccf608ea379173c1dd5200a672b19b8fb3e539425c8730ca1d7fdce3b898c1b': {'variant_file': 'sample_21a9Fu8ndGQY_results/generations/sample_21/sample_21.py-3ccf608ea379173c1dd5200a672b19b8fb3e539425c8730ca1d7fdce3b898c1b', 'applicable_rules': ['add_try_except_inside_functions', 'add_datetime', 'add_time', 'add_crypto', 'add_sklearn', 'add_http', 'add_base64'], 'applied_rules': ['add_scipy', 'add_decorator', 'add_dateutil'], 'complexity': {'File': 'sample_21a9Fu8ndGQY_results/generations/sample_21/sample_21.py-3ccf608ea379173c1dd5200a672b19b8fb3e539425c8730ca1d7fdce3b898c1b', 'Base complexity': 3, 'Predicates with operators': 0, 'Nested levels': 0, 'Complex code structures': 5, 'Third-Party calls': 2, 'Inter_dependencies': 0, 'Intra_dependencies': 0, 'Log': 'tmp/sample_21a9Fu8ndGQY_results_generations_sample_21_sample_21.py-3ccf608ea379173c1dd5200a672b19b8fb3e539425c8730ca1d7fdce3b898c1b.log'}, 'readability': {'num_tokens': 87, 'lines_of_code': 14, 'num_conditions': 0, 'num_loops': 0, 'num_assignments': 2, 'num_max_nested_loop': 0, 'num_max_nested_if': 0, 'num_max_conditions_in_if': 0, 'max_line_tokens': 18, 'num_of_variables': 2, 'num_of_arrays': 3, 'num_of_operators': 0, 'num_of_nested_casting': 0, 'entropy': 4.833298668063581}, 'relevant_distance_readability': 0.8842, 'relevant_distance_complexity': 0.0457}, 'sample_21a9Fu8ndGQY_results/generations/sample_21/sample_21.py-2ef642efc2417cb4ee90bbd62d91b306635b945cbd263ec9a9d8c1fe52b35aea': {'variant_file': 'sample_21a9Fu8ndGQY_results/generations/sample_21/sample_21.py-2ef642efc2417cb4ee90bbd62d91b306635b945cbd263ec9a9d8c1fe52b35aea', 'applicable_rules': ['transform_function_to_class', 'add_decorator', 'add_time', 'add_crypto', 'add_sklearn', 'add_http', 'add_base64', 'add_dateutil'], 'applied_rules': ['add_scipy', 'add_datetime', 'change_var_names', 'add_try_except_inside_functions'], 'complexity': {'File': 'sample_21a9Fu8ndGQY_results/generations/sample_21/sample_21.py-2ef642efc2417cb4ee90bbd62d91b306635b945cbd263ec9a9d8c1fe52b35aea', 'Base complexity': 3, 'Predicates with operators': 0, 'Nested levels': 0, 'Complex code structures': 3, 'Third-Party calls': 2, 'Inter_dependencies': 0, 'Intra_dependencies': 0, 'Log': 'tmp/sample_21a9Fu8ndGQY_results_generations_sample_21_sample_21.py-2ef642efc2417cb4ee90bbd62d91b306635b945cbd263ec9a9d8c1fe52b35aea.log'}, 'readability': {'num_tokens': 53, 'lines_of_code': 11, 'num_conditions': 0, 'num_loops': 0, 'num_assignments': 1, 'num_max_nested_loop': 0, 'num_max_nested_if': 0, 'num_max_conditions_in_if': 0, 'max_line_tokens': 18, 'num_of_variables': 1, 'num_of_arrays': 3, 'num_of_operators': 0, 'num_of_nested_casting': 0, 'entropy': 4.525116568490472}, 'relevant_distance_readability': 0.8908, 'relevant_distance_complexity': 0.0363}, 'sample_21a9Fu8ndGQY_results/generations/sample_21/sample_21.py-af35069bdc23e4374899be1dfcbeefc6c6d7d19ec3a7f7634cf06359de88d5c0': {'variant_file': 'sample_21a9Fu8ndGQY_results/generations/sample_21/sample_21.py-af35069bdc23e4374899be1dfcbeefc6c6d7d19ec3a7f7634cf06359de88d5c0', 'applicable_rules': ['add_try_except_inside_functions', 'add_time', 'add_crypto', 'add_sklearn', 'add_http', 'add_base64', 'add_dateutil'], 'applied_rules': ['add_scipy', 'add_datetime', 'change_var_names', 'add_decorator', 'change_var_names'], 'complexity': {'File': 'sample_21a9Fu8ndGQY_results/generations/sample_21/sample_21.py-af35069bdc23e4374899be1dfcbeefc6c6d7d19ec3a7f7634cf06359de88d5c0', 'Base complexity': 3, 'Predicates with operators': 0, 'Nested levels': 0, 'Complex code structures': 5, 'Third-Party calls': 2, 'Inter_dependencies': 0, 'Intra_dependencies': 0, 'Log': 'tmp/sample_21a9Fu8ndGQY_results_generations_sample_21_sample_21.py-af35069bdc23e4374899be1dfcbeefc6c6d7d19ec3a7f7634cf06359de88d5c0.log'}, 'readability': {'num_tokens': 82, 'lines_of_code': 14, 'num_conditions': 0, 'num_loops': 0, 'num_assignments': 2, 'num_max_nested_loop': 0, 'num_max_nested_if': 0, 'num_max_conditions_in_if': 0, 'max_line_tokens': 18, 'num_of_variables': 2, 'num_of_arrays': 3, 'num_of_operators': 0, 'num_of_nested_casting': 0, 'entropy': 4.698538589772867}, 'relevant_distance_readability': 0.8857, 'relevant_distance_complexity': 0.0457}, 'sample_21a9Fu8ndGQY_results/generations/sample_21/sample_21.py-d8667844e7bb9d38b56ab9836b48e0587f2d42f16e11df7155dc18f67fb6c39a': {'variant_file': 'sample_21a9Fu8ndGQY_results/generations/sample_21/sample_21.py-d8667844e7bb9d38b56ab9836b48e0587f2d42f16e11df7155dc18f67fb6c39a', 'applicable_rules': ['add_try_except_inside_functions', 'transform_function_to_class', 'add_decorator', 'add_crypto', 'add_sklearn', 'add_http', 'add_base64', 'add_dateutil'], 'applied_rules': ['add_scipy', 'add_datetime', 'change_var_names', 'add_time'], 'complexity': {'File': 'sample_21a9Fu8ndGQY_results/generations/sample_21/sample_21.py-d8667844e7bb9d38b56ab9836b48e0587f2d42f16e11df7155dc18f67fb6c39a', 'Base complexity': 1, 'Predicates with operators': 0, 'Nested levels': 0, 'Complex code structures': 3, 'Third-Party calls': 3, 'Inter_dependencies': 0, 'Intra_dependencies': 0, 'Log': 'tmp/sample_21a9Fu8ndGQY_results_generations_sample_21_sample_21.py-d8667844e7bb9d38b56ab9836b48e0587f2d42f16e11df7155dc18f67fb6c39a.log'}, 'readability': {'num_tokens': 54, 'lines_of_code': 10, 'num_conditions': 0, 'num_loops': 0, 'num_assignments': 1, 'num_max_nested_loop': 0, 'num_max_nested_if': 0, 'num_max_conditions_in_if': 0, 'max_line_tokens': 18, 'num_of_variables': 1, 'num_of_arrays': 3, 'num_of_operators': 0, 'num_of_nested_casting': 0, 'entropy': 4.466945372133196}, 'relevant_distance_readability': 0.8915, 'relevant_distance_complexity': 0.0399}, 'sample_21a9Fu8ndGQY_results/generations/sample_21/sample_21.py-cc85e1b904013e5a92c8f0d931f16885e101aa228951263812f676c1fd987354': {'variant_file': 'sample_21a9Fu8ndGQY_results/generations/sample_21/sample_21.py-cc85e1b904013e5a92c8f0d931f16885e101aa228951263812f676c1fd987354', 'applicable_rules': ['add_try_except_inside_functions', 'transform_function_to_class', 'add_decorator', 'add_time', 'add_sklearn', 'add_http', 'add_base64', 'add_dateutil'], 'applied_rules': ['add_scipy', 'add_datetime', 'change_var_names', 'add_crypto'], 'complexity': {'File': 'sample_21a9Fu8ndGQY_results/generations/sample_21/sample_21.py-cc85e1b904013e5a92c8f0d931f16885e101aa228951263812f676c1fd987354', 'Base complexity': 1, 'Predicates with operators': 0, 'Nested levels': 0, 'Complex code structures': 3, 'Third-Party calls': 3, 'Inter_dependencies': 0, 'Intra_dependencies': 0, 'Log': 'tmp/sample_21a9Fu8ndGQY_results_generations_sample_21_sample_21.py-cc85e1b904013e5a92c8f0d931f16885e101aa228951263812f676c1fd987354.log'}, 'readability': {'num_tokens': 55, 'lines_of_code': 10, 'num_conditions': 0, 'num_loops': 0, 'num_assignments': 1, 'num_max_nested_loop': 0, 'num_max_nested_if': 0, 'num_max_conditions_in_if': 0, 'max_line_tokens': 18, 'num_of_variables': 1, 'num_of_arrays': 3, 'num_of_operators': 0, 'num_of_nested_casting': 0, 'entropy': 4.480471076767664}, 'relevant_distance_readability': 0.8914, 'relevant_distance_complexity': 0.0399}, 'sample_21a9Fu8ndGQY_results/generations/sample_21/sample_21.py-8d127145eef19896e1f0d2283d38224c5a0f9cfb509eec016094ee2847cc5f60': {'variant_file': 'sample_21a9Fu8ndGQY_results/generations/sample_21/sample_21.py-8d127145eef19896e1f0d2283d38224c5a0f9cfb509eec016094ee2847cc5f60', 'applicable_rules': ['add_try_except_inside_functions', 'transform_function_to_class', 'add_decorator', 'add_time', 'add_crypto', 'add_http', 'add_base64', 'add_dateutil'], 'applied_rules': ['add_scipy', 'add_datetime', 'change_var_names', 'add_sklearn'], 'complexity': {'File': 'sample_21a9Fu8ndGQY_results/generations/sample_21/sample_21.py-8d127145eef19896e1f0d2283d38224c5a0f9cfb509eec016094ee2847cc5f60', 'Base complexity': 1, 'Predicates with operators': 0, 'Nested levels': 0, 'Complex code structures': 4, 'Third-Party calls': 3, 'Inter_dependencies': 0, 'Intra_dependencies': 0, 'Log': 'tmp/sample_21a9Fu8ndGQY_results_generations_sample_21_sample_21.py-8d127145eef19896e1f0d2283d38224c5a0f9cfb509eec016094ee2847cc5f60.log'}, 'readability': {'num_tokens': 62, 'lines_of_code': 10, 'num_conditions': 0, 'num_loops': 0, 'num_assignments': 1, 'num_max_nested_loop': 0, 'num_max_nested_if': 0, 'num_max_conditions_in_if': 0, 'max_line_tokens': 18, 'num_of_variables': 1, 'num_of_arrays': 4, 'num_of_operators': 0, 'num_of_nested_casting': 0, 'entropy': 4.461787842435571}, 'relevant_distance_readability': 0.886, 'relevant_distance_complexity': 0.0446}, 'sample_21a9Fu8ndGQY_results/generations/sample_21/sample_21.py-866bab402d57c77f1de0be357e59a440566c077d5ad75433e1268870ea1819b6': {'variant_file': 'sample_21a9Fu8ndGQY_results/generations/sample_21/sample_21.py-866bab402d57c77f1de0be357e59a440566c077d5ad75433e1268870ea1819b6', 'applicable_rules': ['add_try_except_inside_functions', 'transform_function_to_class', 'add_decorator', 'add_time', 'add_crypto', 'add_sklearn', 'add_base64', 'add_dateutil'], 'applied_rules': ['add_scipy', 'add_datetime', 'change_var_names', 'add_http'], 'complexity': {'File': 'sample_21a9Fu8ndGQY_results/generations/sample_21/sample_21.py-866bab402d57c77f1de0be357e59a440566c077d5ad75433e1268870ea1819b6', 'Base complexity': 1, 'Predicates with operators': 0, 'Nested levels': 0, 'Complex code structures': 3, 'Third-Party calls': 3, 'Inter_dependencies': 0, 'Intra_dependencies': 0, 'Log': 'tmp/sample_21a9Fu8ndGQY_results_generations_sample_21_sample_21.py-866bab402d57c77f1de0be357e59a440566c077d5ad75433e1268870ea1819b6.log'}, 'readability': {'num_tokens': 59, 'lines_of_code': 10, 'num_conditions': 0, 'num_loops': 0, 'num_assignments': 1, 'num_max_nested_loop': 0, 'num_max_nested_if': 0, 'num_max_conditions_in_if': 0, 'max_line_tokens': 18, 'num_of_variables': 1, 'num_of_arrays': 3, 'num_of_operators': 0, 'num_of_nested_casting': 0, 'entropy': 4.565853482044704}, 'relevant_distance_readability': 0.8904, 'relevant_distance_complexity': 0.0399}, 'sample_21a9Fu8ndGQY_results/generations/sample_21/sample_21.py-934480a0c0326c91e2029d6c06ef9fc7d07d52f68b7e35e62a709ca9c2a5fb73': {'variant_file': 'sample_21a9Fu8ndGQY_results/generations/sample_21/sample_21.py-934480a0c0326c91e2029d6c06ef9fc7d07d52f68b7e35e62a709ca9c2a5fb73', 'applicable_rules': ['add_try_except_inside_functions', 'transform_function_to_class', 'add_decorator', 'add_time', 'add_crypto', 'add_sklearn', 'add_http', 'add_dateutil'], 'applied_rules': ['add_scipy', 'add_datetime', 'change_var_names', 'add_base64'], 'complexity': {'File': 'sample_21a9Fu8ndGQY_results/generations/sample_21/sample_21.py-934480a0c0326c91e2029d6c06ef9fc7d07d52f68b7e35e62a709ca9c2a5fb73', 'Base complexity': 1, 'Predicates with operators': 0, 'Nested levels': 0, 'Complex code structures': 3, 'Third-Party calls': 3, 'Inter_dependencies': 0, 'Intra_dependencies': 0, 'Log': 'tmp/sample_21a9Fu8ndGQY_results_generations_sample_21_sample_21.py-934480a0c0326c91e2029d6c06ef9fc7d07d52f68b7e35e62a709ca9c2a5fb73.log'}, 'readability': {'num_tokens': 55, 'lines_of_code': 10, 'num_conditions': 0, 'num_loops': 0, 'num_assignments': 1, 'num_max_nested_loop': 0, 'num_max_nested_if': 0, 'num_max_conditions_in_if': 0, 'max_line_tokens': 18, 'num_of_variables': 1, 'num_of_arrays': 3, 'num_of_operators': 0, 'num_of_nested_casting': 0, 'entropy': 4.5168347131313}, 'relevant_distance_readability': 0.891, 'relevant_distance_complexity': 0.0399}, 'sample_21a9Fu8ndGQY_results/generations/sample_21/sample_21.py-39611282008df440f612d9afd00b2cd67bca66a1d704f083cbe6ae6435e50ad0': {'variant_file': 'sample_21a9Fu8ndGQY_results/generations/sample_21/sample_21.py-39611282008df440f612d9afd00b2cd67bca66a1d704f083cbe6ae6435e50ad0', 'applicable_rules': ['add_try_except_inside_functions', 'transform_function_to_class', 'add_decorator', 'add_time', 'add_crypto', 'add_sklearn', 'add_http', 'add_base64'], 'applied_rules': ['add_scipy', 'add_datetime', 'change_var_names', 'add_dateutil'], 'complexity': {'File': 'sample_21a9Fu8ndGQY_results/generations/sample_21/sample_21.py-39611282008df440f612d9afd00b2cd67bca66a1d704f083cbe6ae6435e50ad0', 'Base complexity': 1, 'Predicates with operators': 0, 'Nested levels': 0, 'Complex code structures': 3, 'Third-Party calls': 3, 'Inter_dependencies': 0, 'Intra_dependencies': 0, 'Log': 'tmp/sample_21a9Fu8ndGQY_results_generations_sample_21_sample_21.py-39611282008df440f612d9afd00b2cd67bca66a1d704f083cbe6ae6435e50ad0.log'}, 'readability': {'num_tokens': 58, 'lines_of_code': 10, 'num_conditions': 0, 'num_loops': 0, 'num_assignments': 1, 'num_max_nested_loop': 0, 'num_max_nested_if': 0, 'num_max_conditions_in_if': 0, 'max_line_tokens': 18, 'num_of_variables': 1, 'num_of_arrays': 3, 'num_of_operators': 0, 'num_of_nested_casting': 0, 'entropy': 4.589896943030422}, 'relevant_distance_readability': 0.8902, 'relevant_distance_complexity': 0.0399}, 'sample_21a9Fu8ndGQY_results/generations/sample_21/sample_21.py-6c41d9b37329c25b525a50d65b77302f01eb9136cd6071ca7a549bfd77162c6c': {'variant_file': 'sample_21a9Fu8ndGQY_results/generations/sample_21/sample_21.py-6c41d9b37329c25b525a50d65b77302f01eb9136cd6071ca7a549bfd77162c6c', 'applicable_rules': ['add_try_except_inside_functions', 'add_datetime', 'add_time', 'add_crypto', 'add_http', 'add_scipy', 'add_base64', 'add_dateutil'], 'applied_rules': ['add_decorator', 'add_sklearn', 'change_var_names', 'add_try_except_inside_functions'], 'complexity': {'File': 'sample_21a9Fu8ndGQY_results/generations/sample_21/sample_21.py-6c41d9b37329c25b525a50d65b77302f01eb9136cd6071ca7a549bfd77162c6c', 'Base complexity': 5, 'Predicates with operators': 0, 'Nested levels': 0, 'Complex code structures': 4, 'Third-Party calls': 1, 'Inter_dependencies': 0, 'Intra_dependencies': 0, 'Log': 'tmp/sample_21a9Fu8ndGQY_results_generations_sample_21_sample_21.py-6c41d9b37329c25b525a50d65b77302f01eb9136cd6071ca7a549bfd77162c6c.log'}, 'readability': {'num_tokens': 74, 'lines_of_code': 15, 'num_conditions': 0, 'num_loops': 0, 'num_assignments': 2, 'num_max_nested_loop': 0, 'num_max_nested_if': 0, 'num_max_conditions_in_if': 0, 'max_line_tokens': 11, 'num_of_variables': 2, 'num_of_arrays': 2, 'num_of_operators': 0, 'num_of_nested_casting': 0, 'entropy': 4.664903536324932}, 'relevant_distance_readability': 0.9076, 'relevant_distance_complexity': 0.0374}, 'sample_21a9Fu8ndGQY_results/generations/sample_21/sample_21.py-8738aae113dc46f4def6c3c515b6967e33e2ba654a07262e925af1c43e265d87': {'variant_file': 'sample_21a9Fu8ndGQY_results/generations/sample_21/sample_21.py-8738aae113dc46f4def6c3c515b6967e33e2ba654a07262e925af1c43e265d87', 'applicable_rules': ['add_try_except_inside_functions', 'add_time', 'add_crypto', 'add_http', 'add_scipy', 'add_base64', 'add_dateutil'], 'applied_rules': ['add_decorator', 'add_sklearn', 'change_var_names', 'add_datetime'], 'complexity': {'File': 'sample_21a9Fu8ndGQY_results/generations/sample_21/sample_21.py-8738aae113dc46f4def6c3c515b6967e33e2ba654a07262e925af1c43e265d87', 'Base complexity': 3, 'Predicates with operators': 0, 'Nested levels': 0, 'Complex code structures': 4, 'Third-Party calls': 2, 'Inter_dependencies': 0, 'Intra_dependencies': 0, 'Log': 'tmp/sample_21a9Fu8ndGQY_results_generations_sample_21_sample_21.py-8738aae113dc46f4def6c3c515b6967e33e2ba654a07262e925af1c43e265d87.log'}, 'readability': {'num_tokens': 74, 'lines_of_code': 14, 'num_conditions': 0, 'num_loops': 0, 'num_assignments': 2, 'num_max_nested_loop': 0, 'num_max_nested_if': 0, 'num_max_conditions_in_if': 0, 'max_line_tokens': 11, 'num_of_variables': 2, 'num_of_arrays': 2, 'num_of_operators': 0, 'num_of_nested_casting': 0, 'entropy': 4.612980859042227}, 'relevant_distance_readability': 0.9083, 'relevant_distance_complexity': 0.041}, 'sample_21a9Fu8ndGQY_results/generations/sample_21/sample_21.py-968d6334844e8e111eeff50e2f336c4ba5473c72541f015717d881a2461fcf7c': {'variant_file': 'sample_21a9Fu8ndGQY_results/generations/sample_21/sample_21.py-968d6334844e8e111eeff50e2f336c4ba5473c72541f015717d881a2461fcf7c', 'applicable_rules': ['add_try_except_inside_functions', 'add_datetime', 'add_crypto', 'add_http', 'add_scipy', 'add_base64', 'add_dateutil'], 'applied_rules': ['add_decorator', 'add_sklearn', 'change_var_names', 'add_time', 'change_var_names'], 'complexity': {'File': 'sample_21a9Fu8ndGQY_results/generations/sample_21/sample_21.py-968d6334844e8e111eeff50e2f336c4ba5473c72541f015717d881a2461fcf7c', 'Base complexity': 3, 'Predicates with operators': 0, 'Nested levels': 0, 'Complex code structures': 4, 'Third-Party calls': 2, 'Inter_dependencies': 0, 'Intra_dependencies': 0, 'Log': 'tmp/sample_21a9Fu8ndGQY_results_generations_sample_21_sample_21.py-968d6334844e8e111eeff50e2f336c4ba5473c72541f015717d881a2461fcf7c.log'}, 'readability': {'num_tokens': 75, 'lines_of_code': 14, 'num_conditions': 0, 'num_loops': 0, 'num_assignments': 2, 'num_max_nested_loop': 0, 'num_max_nested_if': 0, 'num_max_conditions_in_if': 0, 'max_line_tokens': 11, 'num_of_variables': 2, 'num_of_arrays': 2, 'num_of_operators': 0, 'num_of_nested_casting': 0, 'entropy': 4.653632483996979}, 'relevant_distance_readability': 0.9078, 'relevant_distance_complexity': 0.041}, 'sample_21a9Fu8ndGQY_results/generations/sample_21/sample_21.py-d941f4024e1cd2a96258c32854442abe4edbad1e504213e4f291ea95c7838faa': {'variant_file': 'sample_21a9Fu8ndGQY_results/generations/sample_21/sample_21.py-d941f4024e1cd2a96258c32854442abe4edbad1e504213e4f291ea95c7838faa', 'applicable_rules': ['add_try_except_inside_functions', 'add_datetime', 'add_time', 'add_http', 'add_scipy', 'add_base64', 'add_dateutil'], 'applied_rules': ['add_decorator', 'add_sklearn', 'change_var_names', 'add_crypto', 'change_var_names'], 'complexity': {'File': 'sample_21a9Fu8ndGQY_results/generations/sample_21/sample_21.py-d941f4024e1cd2a96258c32854442abe4edbad1e504213e4f291ea95c7838faa', 'Base complexity': 3, 'Predicates with operators': 0, 'Nested levels': 0, 'Complex code structures': 4, 'Third-Party calls': 2, 'Inter_dependencies': 0, 'Intra_dependencies': 0, 'Log': 'tmp/sample_21a9Fu8ndGQY_results_generations_sample_21_sample_21.py-d941f4024e1cd2a96258c32854442abe4edbad1e504213e4f291ea95c7838faa.log'}, 'readability': {'num_tokens': 76, 'lines_of_code': 14, 'num_conditions': 0, 'num_loops': 0, 'num_assignments': 2, 'num_max_nested_loop': 0, 'num_max_nested_if': 0, 'num_max_conditions_in_if': 0, 'max_line_tokens': 11, 'num_of_variables': 2, 'num_of_arrays': 2, 'num_of_operators': 0, 'num_of_nested_casting': 0, 'entropy': 4.667151651767039}, 'relevant_distance_readability': 0.9077, 'relevant_distance_complexity': 0.041}, 'sample_21a9Fu8ndGQY_results/generations/sample_21/sample_21.py-65a92e83e51ecdd85983fe231e78871fca3bafeb9ad4db82c91693c5836e2611': {'variant_file': 'sample_21a9Fu8ndGQY_results/generations/sample_21/sample_21.py-65a92e83e51ecdd85983fe231e78871fca3bafeb9ad4db82c91693c5836e2611', 'applicable_rules': ['add_try_except_inside_functions', 'add_datetime', 'add_time', 'add_crypto', 'add_scipy', 'add_base64', 'add_dateutil'], 'applied_rules': ['add_decorator', 'add_sklearn', 'change_var_names', 'add_http', 'change_var_names'], 'complexity': {'File': 'sample_21a9Fu8ndGQY_results/generations/sample_21/sample_21.py-65a92e83e51ecdd85983fe231e78871fca3bafeb9ad4db82c91693c5836e2611', 'Base complexity': 3, 'Predicates with operators': 0, 'Nested levels': 0, 'Complex code structures': 4, 'Third-Party calls': 2, 'Inter_dependencies': 0, 'Intra_dependencies': 0, 'Log': 'tmp/sample_21a9Fu8ndGQY_results_generations_sample_21_sample_21.py-65a92e83e51ecdd85983fe231e78871fca3bafeb9ad4db82c91693c5836e2611.log'}, 'readability': {'num_tokens': 80, 'lines_of_code': 14, 'num_conditions': 0, 'num_loops': 0, 'num_assignments': 2, 'num_max_nested_loop': 0, 'num_max_nested_if': 0, 'num_max_conditions_in_if': 0, 'max_line_tokens': 11, 'num_of_variables': 2, 'num_of_arrays': 2, 'num_of_operators': 0, 'num_of_nested_casting': 0, 'entropy': 4.746439344671014}, 'relevant_distance_readability': 0.9068, 'relevant_distance_complexity': 0.041}, 'sample_21a9Fu8ndGQY_results/generations/sample_21/sample_21.py-763d76f173cddde2ea4823199ee36340694a2b958e124a24f10f82df36974f0d': {'variant_file': 'sample_21a9Fu8ndGQY_results/generations/sample_21/sample_21.py-763d76f173cddde2ea4823199ee36340694a2b958e124a24f10f82df36974f0d', 'applicable_rules': ['add_try_except_inside_functions', 'add_datetime', 'add_time', 'add_crypto', 'add_http', 'add_scipy', 'add_dateutil'], 'applied_rules': ['add_decorator', 'add_sklearn', 'change_var_names', 'add_base64', 'change_var_names'], 'complexity': {'File': 'sample_21a9Fu8ndGQY_results/generations/sample_21/sample_21.py-763d76f173cddde2ea4823199ee36340694a2b958e124a24f10f82df36974f0d', 'Base complexity': 3, 'Predicates with operators': 0, 'Nested levels': 0, 'Complex code structures': 4, 'Third-Party calls': 2, 'Inter_dependencies': 0, 'Intra_dependencies': 0, 'Log': 'tmp/sample_21a9Fu8ndGQY_results_generations_sample_21_sample_21.py-763d76f173cddde2ea4823199ee36340694a2b958e124a24f10f82df36974f0d.log'}, 'readability': {'num_tokens': 76, 'lines_of_code': 14, 'num_conditions': 0, 'num_loops': 0, 'num_assignments': 2, 'num_max_nested_loop': 0, 'num_max_nested_if': 0, 'num_max_conditions_in_if': 0, 'max_line_tokens': 11, 'num_of_variables': 2, 'num_of_arrays': 2, 'num_of_operators': 0, 'num_of_nested_casting': 0, 'entropy': 4.693467441240723}, 'relevant_distance_readability': 0.9074, 'relevant_distance_complexity': 0.041}, 'sample_21a9Fu8ndGQY_results/generations/sample_21/sample_21.py-2d0e4d4295bb119601d165c7ff5c0c84f1831c44feb96add19114d9493923770': {'variant_file': 'sample_21a9Fu8ndGQY_results/generations/sample_21/sample_21.py-2d0e4d4295bb119601d165c7ff5c0c84f1831c44feb96add19114d9493923770', 'applicable_rules': ['add_try_except_inside_functions', 'add_datetime', 'add_time', 'add_crypto', 'add_http', 'add_scipy', 'add_base64'], 'applied_rules': ['add_decorator', 'add_sklearn', 'change_var_names', 'add_dateutil', 'change_var_names'], 'complexity': {'File': 'sample_21a9Fu8ndGQY_results/generations/sample_21/sample_21.py-2d0e4d4295bb119601d165c7ff5c0c84f1831c44feb96add19114d9493923770', 'Base complexity': 3, 'Predicates with operators': 0, 'Nested levels': 0, 'Complex code structures': 4, 'Third-Party calls': 2, 'Inter_dependencies': 0, 'Intra_dependencies': 0, 'Log': 'tmp/sample_21a9Fu8ndGQY_results_generations_sample_21_sample_21.py-2d0e4d4295bb119601d165c7ff5c0c84f1831c44feb96add19114d9493923770.log'}, 'readability': {'num_tokens': 79, 'lines_of_code': 14, 'num_conditions': 0, 'num_loops': 0, 'num_assignments': 2, 'num_max_nested_loop': 0, 'num_max_nested_if': 0, 'num_max_conditions_in_if': 0, 'max_line_tokens': 11, 'num_of_variables': 2, 'num_of_arrays': 2, 'num_of_operators': 0, 'num_of_nested_casting': 0, 'entropy': 4.757717893905994}, 'relevant_distance_readability': 0.9067, 'relevant_distance_complexity': 0.041}, 'sample_21a9Fu8ndGQY_results/generations/sample_21/sample_21.py-3cac541056eb1826fa4d79c17c914267e0efc8341cabff97a73f37d5348ada58': {'variant_file': 'sample_21a9Fu8ndGQY_results/generations/sample_21/sample_21.py-3cac541056eb1826fa4d79c17c914267e0efc8341cabff97a73f37d5348ada58', 'applicable_rules': ['add_try_except_inside_functions', 'add_time', 'add_crypto', 'add_sklearn', 'add_http', 'add_scipy', 'add_base64', 'add_dateutil'], 'applied_rules': ['add_decorator', 'add_datetime', 'add_try_except_inside_functions', 'change_var_names'], 'complexity': {'File': 'sample_21a9Fu8ndGQY_results/generations/sample_21/sample_21.py-3cac541056eb1826fa4d79c17c914267e0efc8341cabff97a73f37d5348ada58', 'Base complexity': 5, 'Predicates with operators': 0, 'Nested levels': 0, 'Complex code structures': 3, 'Third-Party calls': 1, 'Inter_dependencies': 0, 'Intra_dependencies': 0, 'Log': 'tmp/sample_21a9Fu8ndGQY_results_generations_sample_21_sample_21.py-3cac541056eb1826fa4d79c17c914267e0efc8341cabff97a73f37d5348ada58.log'}, 'readability': {'num_tokens': 65, 'lines_of_code': 15, 'num_conditions': 0, 'num_loops': 0, 'num_assignments': 2, 'num_max_nested_loop': 0, 'num_max_nested_if': 0, 'num_max_conditions_in_if': 0, 'max_line_tokens': 11, 'num_of_variables': 2, 'num_of_arrays': 1, 'num_of_operators': 0, 'num_of_nested_casting': 0, 'entropy': 4.461722668471161}, 'relevant_distance_readability': 0.9153, 'relevant_distance_complexity': 0.0327}, 'sample_21a9Fu8ndGQY_results/generations/sample_21/sample_21.py-dad82a6404ff0f42b5cea530c78e12ee89296148c6cdfafc8f0390f6bdc2d9cc': {'variant_file': 'sample_21a9Fu8ndGQY_results/generations/sample_21/sample_21.py-dad82a6404ff0f42b5cea530c78e12ee89296148c6cdfafc8f0390f6bdc2d9cc', 'applicable_rules': ['add_try_except_inside_functions', 'add_crypto', 'add_sklearn', 'add_http', 'add_scipy', 'add_base64', 'add_dateutil'], 'applied_rules': ['add_decorator', 'add_datetime', 'add_time'], 'complexity': {'File': 'sample_21a9Fu8ndGQY_results/generations/sample_21/sample_21.py-dad82a6404ff0f42b5cea530c78e12ee89296148c6cdfafc8f0390f6bdc2d9cc', 'Base complexity': 3, 'Predicates with operators': 0, 'Nested levels': 0, 'Complex code structures': 3, 'Third-Party calls': 2, 'Inter_dependencies': 0, 'Intra_dependencies': 0, 'Log': 'tmp/sample_21a9Fu8ndGQY_results_generations_sample_21_sample_21.py-dad82a6404ff0f42b5cea530c78e12ee89296148c6cdfafc8f0390f6bdc2d9cc.log'}, 'readability': {'num_tokens': 66, 'lines_of_code': 14, 'num_conditions': 0, 'num_loops': 0, 'num_assignments': 2, 'num_max_nested_loop': 0, 'num_max_nested_if': 0, 'num_max_conditions_in_if': 0, 'max_line_tokens': 11, 'num_of_variables': 2, 'num_of_arrays': 1, 'num_of_operators': 0, 'num_of_nested_casting': 0, 'entropy': 4.449178778219905}, 'relevant_distance_readability': 0.9156, 'relevant_distance_complexity': 0.0363}, 'sample_21a9Fu8ndGQY_results/generations/sample_21/sample_21.py-08bbe1bf8e914f01bad2bbd460739520d87a3da0b01a481f9c1a1c0a440ae8cc': {'variant_file': 'sample_21a9Fu8ndGQY_results/generations/sample_21/sample_21.py-08bbe1bf8e914f01bad2bbd460739520d87a3da0b01a481f9c1a1c0a440ae8cc', 'applicable_rules': ['add_try_except_inside_functions', 'add_time', 'add_sklearn', 'add_http', 'add_scipy', 'add_base64', 'add_dateutil'], 'applied_rules': ['add_decorator', 'add_datetime', 'add_crypto'], 'complexity': {'File': 'sample_21a9Fu8ndGQY_results/generations/sample_21/sample_21.py-08bbe1bf8e914f01bad2bbd460739520d87a3da0b01a481f9c1a1c0a440ae8cc', 'Base complexity': 3, 'Predicates with operators': 0, 'Nested levels': 0, 'Complex code structures': 3, 'Third-Party calls': 2, 'Inter_dependencies': 0, 'Intra_dependencies': 0, 'Log': 'tmp/sample_21a9Fu8ndGQY_results_generations_sample_21_sample_21.py-08bbe1bf8e914f01bad2bbd460739520d87a3da0b01a481f9c1a1c0a440ae8cc.log'}, 'readability': {'num_tokens': 67, 'lines_of_code': 14, 'num_conditions': 0, 'num_loops': 0, 'num_assignments': 2, 'num_max_nested_loop': 0, 'num_max_nested_if': 0, 'num_max_conditions_in_if': 0, 'max_line_tokens': 11, 'num_of_variables': 2, 'num_of_arrays': 1, 'num_of_operators': 0, 'num_of_nested_casting': 0, 'entropy': 4.4946830335153205}, 'relevant_distance_readability': 0.9151, 'relevant_distance_complexity': 0.0363}, 'sample_21a9Fu8ndGQY_results/generations/sample_21/sample_21.py-73c11e153301e1a36f4d813459d438c07ece8542b84c399f9e31a4a09ea30e63': {'variant_file': 'sample_21a9Fu8ndGQY_results/generations/sample_21/sample_21.py-73c11e153301e1a36f4d813459d438c07ece8542b84c399f9e31a4a09ea30e63', 'applicable_rules': ['add_try_except_inside_functions', 'add_time', 'add_crypto', 'add_sklearn', 'add_scipy', 'add_base64', 'add_dateutil'], 'applied_rules': ['add_decorator', 'add_datetime', 'add_http'], 'complexity': {'File': 'sample_21a9Fu8ndGQY_results/generations/sample_21/sample_21.py-73c11e153301e1a36f4d813459d438c07ece8542b84c399f9e31a4a09ea30e63', 'Base complexity': 3, 'Predicates with operators': 0, 'Nested levels': 0, 'Complex code structures': 3, 'Third-Party calls': 2, 'Inter_dependencies': 0, 'Intra_dependencies': 0, 'Log': 'tmp/sample_21a9Fu8ndGQY_results_generations_sample_21_sample_21.py-73c11e153301e1a36f4d813459d438c07ece8542b84c399f9e31a4a09ea30e63.log'}, 'readability': {'num_tokens': 71, 'lines_of_code': 14, 'num_conditions': 0, 'num_loops': 0, 'num_assignments': 2, 'num_max_nested_loop': 0, 'num_max_nested_if': 0, 'num_max_conditions_in_if': 0, 'max_line_tokens': 11, 'num_of_variables': 2, 'num_of_arrays': 1, 'num_of_operators': 0, 'num_of_nested_casting': 0, 'entropy': 4.592996062983825}, 'relevant_distance_readability': 0.914, 'relevant_distance_complexity': 0.0363}, 'sample_21a9Fu8ndGQY_results/generations/sample_21/sample_21.py-571fe19576f8bc5c1520a0795d0622e58d1314080aa7e2bbde4ba7850021c406': {'variant_file': 'sample_21a9Fu8ndGQY_results/generations/sample_21/sample_21.py-571fe19576f8bc5c1520a0795d0622e58d1314080aa7e2bbde4ba7850021c406', 'applicable_rules': ['add_try_except_inside_functions', 'add_time', 'add_crypto', 'add_sklearn', 'add_http', 'add_scipy', 'add_dateutil'], 'applied_rules': ['add_decorator', 'add_datetime', 'add_base64', 'change_var_names'], 'complexity': {'File': 'sample_21a9Fu8ndGQY_results/generations/sample_21/sample_21.py-571fe19576f8bc5c1520a0795d0622e58d1314080aa7e2bbde4ba7850021c406', 'Base complexity': 3, 'Predicates with operators': 0, 'Nested levels': 0, 'Complex code structures': 3, 'Third-Party calls': 2, 'Inter_dependencies': 0, 'Intra_dependencies': 0, 'Log': 'tmp/sample_21a9Fu8ndGQY_results_generations_sample_21_sample_21.py-571fe19576f8bc5c1520a0795d0622e58d1314080aa7e2bbde4ba7850021c406.log'}, 'readability': {'num_tokens': 67, 'lines_of_code': 14, 'num_conditions': 0, 'num_loops': 0, 'num_assignments': 2, 'num_max_nested_loop': 0, 'num_max_nested_if': 0, 'num_max_conditions_in_if': 0, 'max_line_tokens': 11, 'num_of_variables': 2, 'num_of_arrays': 1, 'num_of_operators': 0, 'num_of_nested_casting': 0, 'entropy': 4.4946830335153205}, 'relevant_distance_readability': 0.9151, 'relevant_distance_complexity': 0.0363}, 'sample_21a9Fu8ndGQY_results/generations/sample_21/sample_21.py-ef049e6796e54a34a33484a1d5b569606ad447fdd405eb0904860db2f818c1fa': {'variant_file': 'sample_21a9Fu8ndGQY_results/generations/sample_21/sample_21.py-ef049e6796e54a34a33484a1d5b569606ad447fdd405eb0904860db2f818c1fa', 'applicable_rules': ['add_try_except_inside_functions', 'add_time', 'add_crypto', 'add_sklearn', 'add_http', 'add_scipy', 'add_base64'], 'applied_rules': ['add_decorator', 'add_datetime', 'add_dateutil', 'change_var_names'], 'complexity': {'File': 'sample_21a9Fu8ndGQY_results/generations/sample_21/sample_21.py-ef049e6796e54a34a33484a1d5b569606ad447fdd405eb0904860db2f818c1fa', 'Base complexity': 3, 'Predicates with operators': 0, 'Nested levels': 0, 'Complex code structures': 3, 'Third-Party calls': 2, 'Inter_dependencies': 0, 'Intra_dependencies': 0, 'Log': 'tmp/sample_21a9Fu8ndGQY_results_generations_sample_21_sample_21.py-ef049e6796e54a34a33484a1d5b569606ad447fdd405eb0904860db2f818c1fa.log'}, 'readability': {'num_tokens': 70, 'lines_of_code': 14, 'num_conditions': 0, 'num_loops': 0, 'num_assignments': 2, 'num_max_nested_loop': 0, 'num_max_nested_if': 0, 'num_max_conditions_in_if': 0, 'max_line_tokens': 11, 'num_of_variables': 2, 'num_of_arrays': 1, 'num_of_operators': 0, 'num_of_nested_casting': 0, 'entropy': 4.596651409585762}, 'relevant_distance_readability': 0.914, 'relevant_distance_complexity': 0.0363}}, 4: {'sample_21a9Fu8ndGQY_results/generations/sample_21/sample_21.py-0976d56464c3a601ed61674b310f2b713efb987f5e38d590cf776719a196ddc9': {'variant_file': 'sample_21a9Fu8ndGQY_results/generations/sample_21/sample_21.py-0976d56464c3a601ed61674b310f2b713efb987f5e38d590cf776719a196ddc9', 'applicable_rules': ['add_try_except_inside_functions', 'add_datetime', 'add_time', 'add_crypto', 'add_http', 'add_base64', 'add_dateutil'], 'applied_rules': ['add_scipy', 'add_decorator', 'add_sklearn', 'change_var_names', 'add_try_except_inside_functions', 'change_var_names'], 'complexity': {'File': 'sample_21a9Fu8ndGQY_results/generations/sample_21/sample_21.py-0976d56464c3a601ed61674b310f2b713efb987f5e38d590cf776719a196ddc9', 'Base complexity': 5, 'Predicates with operators': 0, 'Nested levels': 0, 'Complex code structures': 6, 'Third-Party calls': 2, 'Inter_dependencies': 0, 'Intra_dependencies': 0, 'Log': 'tmp/sample_21a9Fu8ndGQY_results_generations_sample_21_sample_21.py-0976d56464c3a601ed61674b310f2b713efb987f5e38d590cf776719a196ddc9.log'}, 'readability': {'num_tokens': 96, 'lines_of_code': 17, 'num_conditions': 0, 'num_loops': 0, 'num_assignments': 2, 'num_max_nested_loop': 0, 'num_max_nested_if': 0, 'num_max_conditions_in_if': 0, 'max_line_tokens': 18, 'num_of_variables': 2, 'num_of_arrays': 4, 'num_of_operators': 0, 'num_of_nested_casting': 0, 'entropy': 4.870344178490659}, 'relevant_distance_readability': 0.8777, 'relevant_distance_complexity': 0.0547}, 'sample_21a9Fu8ndGQY_results/generations/sample_21/sample_21.py-979b1171dad680fe5de621b9d78e43bdd23be37708a7cb057aca407d330fdd50': {'variant_file': 'sample_21a9Fu8ndGQY_results/generations/sample_21/sample_21.py-979b1171dad680fe5de621b9d78e43bdd23be37708a7cb057aca407d330fdd50', 'applicable_rules': ['add_try_except_inside_functions', 'add_time', 'add_crypto', 'add_http', 'add_base64', 'add_dateutil'], 'applied_rules': ['add_scipy', 'add_decorator', 'add_sklearn', 'change_var_names', 'add_datetime', 'change_var_names'], 'complexity': {'File': 'sample_21a9Fu8ndGQY_results/generations/sample_21/sample_21.py-979b1171dad680fe5de621b9d78e43bdd23be37708a7cb057aca407d330fdd50', 'Base complexity': 3, 'Predicates with operators': 0, 'Nested levels': 0, 'Complex code structures': 6, 'Third-Party calls': 3, 'Inter_dependencies': 0, 'Intra_dependencies': 0, 'Log': 'tmp/sample_21a9Fu8ndGQY_results_generations_sample_21_sample_21.py-979b1171dad680fe5de621b9d78e43bdd23be37708a7cb057aca407d330fdd50.log'}, 'readability': {'num_tokens': 96, 'lines_of_code': 16, 'num_conditions': 0, 'num_loops': 0, 'num_assignments': 2, 'num_max_nested_loop': 0, 'num_max_nested_if': 0, 'num_max_conditions_in_if': 0, 'max_line_tokens': 18, 'num_of_variables': 2, 'num_of_arrays': 4, 'num_of_operators': 0, 'num_of_nested_casting': 0, 'entropy': 4.818690172700537}, 'relevant_distance_readability': 0.8784, 'relevant_distance_complexity': 0.0583}, 'sample_21a9Fu8ndGQY_results/generations/sample_21/sample_21.py-fe2eb86b5c7d5413e838c808cd68fc27c51ffd91915eb6bd128448cfd50edcb8': {'variant_file': 'sample_21a9Fu8ndGQY_results/generations/sample_21/sample_21.py-fe2eb86b5c7d5413e838c808cd68fc27c51ffd91915eb6bd128448cfd50edcb8', 'applicable_rules': ['add_try_except_inside_functions', 'add_datetime', 'add_crypto', 'add_http', 'add_base64', 'add_dateutil'], 'applied_rules': ['add_scipy', 'add_decorator', 'add_sklearn', 'change_var_names', 'add_time', 'change_var_names'], 'complexity': {'File': 'sample_21a9Fu8ndGQY_results/generations/sample_21/sample_21.py-fe2eb86b5c7d5413e838c808cd68fc27c51ffd91915eb6bd128448cfd50edcb8', 'Base complexity': 3, 'Predicates with operators': 0, 'Nested levels': 0, 'Complex code structures': 6, 'Third-Party calls': 3, 'Inter_dependencies': 0, 'Intra_dependencies': 0, 'Log': 'tmp/sample_21a9Fu8ndGQY_results_generations_sample_21_sample_21.py-fe2eb86b5c7d5413e838c808cd68fc27c51ffd91915eb6bd128448cfd50edcb8.log'}, 'readability': {'num_tokens': 97, 'lines_of_code': 16, 'num_conditions': 0, 'num_loops': 0, 'num_assignments': 2, 'num_max_nested_loop': 0, 'num_max_nested_if': 0, 'num_max_conditions_in_if': 0, 'max_line_tokens': 18, 'num_of_variables': 2, 'num_of_arrays': 4, 'num_of_operators': 0, 'num_of_nested_casting': 0, 'entropy': 4.851849507238889}, 'relevant_distance_readability': 0.878, 'relevant_distance_complexity': 0.0583}, 'sample_21a9Fu8ndGQY_results/generations/sample_21/sample_21.py-26934c6693495c9844295fb08e3e60ba005deaf172c8b7f6b2bf5566c2438a04': {'variant_file': 'sample_21a9Fu8ndGQY_results/generations/sample_21/sample_21.py-26934c6693495c9844295fb08e3e60ba005deaf172c8b7f6b2bf5566c2438a04', 'applicable_rules': ['add_try_except_inside_functions', 'add_datetime', 'add_time', 'add_http', 'add_base64', 'add_dateutil'], 'applied_rules': ['add_scipy', 'add_decorator', 'add_sklearn', 'change_var_names', 'add_crypto', 'change_var_names'], 'complexity': {'File': 'sample_21a9Fu8ndGQY_results/generations/sample_21/sample_21.py-26934c6693495c9844295fb08e3e60ba005deaf172c8b7f6b2bf5566c2438a04', 'Base complexity': 3, 'Predicates with operators': 0, 'Nested levels': 0, 'Complex code structures': 6, 'Third-Party calls': 3, 'Inter_dependencies': 0, 'Intra_dependencies': 0, 'Log': 'tmp/sample_21a9Fu8ndGQY_results_generations_sample_21_sample_21.py-26934c6693495c9844295fb08e3e60ba005deaf172c8b7f6b2bf5566c2438a04.log'}, 'readability': {'num_tokens': 98, 'lines_of_code': 16, 'num_conditions': 0, 'num_loops': 0, 'num_assignments': 2, 'num_max_nested_loop': 0, 'num_max_nested_if': 0, 'num_max_conditions_in_if': 0, 'max_line_tokens': 18, 'num_of_variables': 2, 'num_of_arrays': 4, 'num_of_operators': 0, 'num_of_nested_casting': 0, 'entropy': 4.856372793174977}, 'relevant_distance_readability': 0.878, 'relevant_distance_complexity': 0.0583}, 'sample_21a9Fu8ndGQY_results/generations/sample_21/sample_21.py-e0528c88ebeec1521f17056778efc6ebf0d3c63e72920f6cedc1ee4216b656f3': {'variant_file': 'sample_21a9Fu8ndGQY_results/generations/sample_21/sample_21.py-e0528c88ebeec1521f17056778efc6ebf0d3c63e72920f6cedc1ee4216b656f3', 'applicable_rules': ['add_try_except_inside_functions', 'add_datetime', 'add_time', 'add_crypto', 'add_base64', 'add_dateutil'], 'applied_rules': ['add_scipy', 'add_decorator', 'add_sklearn', 'change_var_names', 'add_http', 'change_var_names'], 'complexity': {'File': 'sample_21a9Fu8ndGQY_results/generations/sample_21/sample_21.py-e0528c88ebeec1521f17056778efc6ebf0d3c63e72920f6cedc1ee4216b656f3', 'Base complexity': 3, 'Predicates with operators': 0, 'Nested levels': 0, 'Complex code structures': 6, 'Third-Party calls': 3, 'Inter_dependencies': 0, 'Intra_dependencies': 0, 'Log': 'tmp/sample_21a9Fu8ndGQY_results_generations_sample_21_sample_21.py-e0528c88ebeec1521f17056778efc6ebf0d3c63e72920f6cedc1ee4216b656f3.log'}, 'readability': {'num_tokens': 102, 'lines_of_code': 16, 'num_conditions': 0, 'num_loops': 0, 'num_assignments': 2, 'num_max_nested_loop': 0, 'num_max_nested_if': 0, 'num_max_conditions_in_if': 0, 'max_line_tokens': 18, 'num_of_variables': 2, 'num_of_arrays': 4, 'num_of_operators': 0, 'num_of_nested_casting': 0, 'entropy': 4.916038108164833}, 'relevant_distance_readability': 0.8773, 'relevant_distance_complexity': 0.0583}, 'sample_21a9Fu8ndGQY_results/generations/sample_21/sample_21.py-5a9445df8253e54800a21ef519d6ccb4e82d0ed2860e0f143a3f7ec39048ec6e': {'variant_file': 'sample_21a9Fu8ndGQY_results/generations/sample_21/sample_21.py-5a9445df8253e54800a21ef519d6ccb4e82d0ed2860e0f143a3f7ec39048ec6e', 'applicable_rules': ['add_try_except_inside_functions', 'add_datetime', 'add_time', 'add_crypto', 'add_http', 'add_dateutil'], 'applied_rules': ['add_scipy', 'add_decorator', 'add_sklearn', 'change_var_names', 'add_base64'], 'complexity': {'File': 'sample_21a9Fu8ndGQY_results/generations/sample_21/sample_21.py-5a9445df8253e54800a21ef519d6ccb4e82d0ed2860e0f143a3f7ec39048ec6e', 'Base complexity': 3, 'Predicates with operators': 0, 'Nested levels': 0, 'Complex code structures': 6, 'Third-Party calls': 3, 'Inter_dependencies': 0, 'Intra_dependencies': 0, 'Log': 'tmp/sample_21a9Fu8ndGQY_results_generations_sample_21_sample_21.py-5a9445df8253e54800a21ef519d6ccb4e82d0ed2860e0f143a3f7ec39048ec6e.log'}, 'readability': {'num_tokens': 98, 'lines_of_code': 16, 'num_conditions': 0, 'num_loops': 0, 'num_assignments': 2, 'num_max_nested_loop': 0, 'num_max_nested_if': 0, 'num_max_conditions_in_if': 0, 'max_line_tokens': 18, 'num_of_variables': 2, 'num_of_arrays': 4, 'num_of_operators': 0, 'num_of_nested_casting': 0, 'entropy': 4.884483890135828}, 'relevant_distance_readability': 0.8777, 'relevant_distance_complexity': 0.0583}, 'sample_21a9Fu8ndGQY_results/generations/sample_21/sample_21.py-b9f9681e39ee0b753bf323dfbd3dd3b7b6c04454e715eb2838a553e633a11731': {'variant_file': 'sample_21a9Fu8ndGQY_results/generations/sample_21/sample_21.py-b9f9681e39ee0b753bf323dfbd3dd3b7b6c04454e715eb2838a553e633a11731', 'applicable_rules': ['add_try_except_inside_functions', 'add_datetime', 'add_time', 'add_crypto', 'add_http', 'add_base64'], 'applied_rules': ['add_scipy', 'add_decorator', 'add_sklearn', 'change_var_names', 'add_dateutil', 'change_var_names'], 'complexity': {'File': 'sample_21a9Fu8ndGQY_results/generations/sample_21/sample_21.py-b9f9681e39ee0b753bf323dfbd3dd3b7b6c04454e715eb2838a553e633a11731', 'Base complexity': 3, 'Predicates with operators': 0, 'Nested levels': 0, 'Complex code structures': 6, 'Third-Party calls': 3, 'Inter_dependencies': 0, 'Intra_dependencies': 0, 'Log': 'tmp/sample_21a9Fu8ndGQY_results_generations_sample_21_sample_21.py-b9f9681e39ee0b753bf323dfbd3dd3b7b6c04454e715eb2838a553e633a11731.log'}, 'readability': {'num_tokens': 101, 'lines_of_code': 16, 'num_conditions': 0, 'num_loops': 0, 'num_assignments': 2, 'num_max_nested_loop': 0, 'num_max_nested_if': 0, 'num_max_conditions_in_if': 0, 'max_line_tokens': 18, 'num_of_variables': 2, 'num_of_arrays': 4, 'num_of_operators': 0, 'num_of_nested_casting': 0, 'entropy': 4.932300284809782}, 'relevant_distance_readability': 0.8772, 'relevant_distance_complexity': 0.0583}, 'sample_21a9Fu8ndGQY_results/generations/sample_21/sample_21.py-82c3ac331f1f29289f661fe93956af3415207e23e10b2200b86fca46f7c6932a': {'variant_file': 'sample_21a9Fu8ndGQY_results/generations/sample_21/sample_21.py-82c3ac331f1f29289f661fe93956af3415207e23e10b2200b86fca46f7c6932a', 'applicable_rules': ['add_try_except_inside_functions', 'add_time', 'add_crypto', 'add_sklearn', 'add_http', 'add_base64', 'add_dateutil'], 'applied_rules': ['add_scipy', 'add_decorator', 'add_datetime', 'add_try_except_inside_functions'], 'complexity': {'File': 'sample_21a9Fu8ndGQY_results/generations/sample_21/sample_21.py-82c3ac331f1f29289f661fe93956af3415207e23e10b2200b86fca46f7c6932a', 'Base complexity': 5, 'Predicates with operators': 0, 'Nested levels': 0, 'Complex code structures': 5, 'Third-Party calls': 2, 'Inter_dependencies': 0, 'Intra_dependencies': 0, 'Log': 'tmp/sample_21a9Fu8ndGQY_results_generations_sample_21_sample_21.py-82c3ac331f1f29289f661fe93956af3415207e23e10b2200b86fca46f7c6932a.log'}, 'readability': {'num_tokens': 87, 'lines_of_code': 17, 'num_conditions': 0, 'num_loops': 0, 'num_assignments': 2, 'num_max_nested_loop': 0, 'num_max_nested_if': 0, 'num_max_conditions_in_if': 0, 'max_line_tokens': 18, 'num_of_variables': 2, 'num_of_arrays': 3, 'num_of_operators': 0, 'num_of_nested_casting': 0, 'entropy': 4.8004854155087155}, 'relevant_distance_readability': 0.884, 'relevant_distance_complexity': 0.05}, 'sample_21a9Fu8ndGQY_results/generations/sample_21/sample_21.py-81505806fd2318965be4c0a6abaa76d237d9f9e40411118c08b6abd6e9199445': {'variant_file': 'sample_21a9Fu8ndGQY_results/generations/sample_21/sample_21.py-81505806fd2318965be4c0a6abaa76d237d9f9e40411118c08b6abd6e9199445', 'applicable_rules': ['add_try_except_inside_functions', 'add_crypto', 'add_sklearn', 'add_http', 'add_base64', 'add_dateutil'], 'applied_rules': ['add_scipy', 'add_decorator', 'add_datetime', 'add_time', 'change_var_names'], 'complexity': {'File': 'sample_21a9Fu8ndGQY_results/generations/sample_21/sample_21.py-81505806fd2318965be4c0a6abaa76d237d9f9e40411118c08b6abd6e9199445', 'Base complexity': 3, 'Predicates with operators': 0, 'Nested levels': 0, 'Complex code structures': 5, 'Third-Party calls': 3, 'Inter_dependencies': 0, 'Intra_dependencies': 0, 'Log': 'tmp/sample_21a9Fu8ndGQY_results_generations_sample_21_sample_21.py-81505806fd2318965be4c0a6abaa76d237d9f9e40411118c08b6abd6e9199445.log'}, 'readability': {'num_tokens': 88, 'lines_of_code': 16, 'num_conditions': 0, 'num_loops': 0, 'num_assignments': 2, 'num_max_nested_loop': 0, 'num_max_nested_if': 0, 'num_max_conditions_in_if': 0, 'max_line_tokens': 18, 'num_of_variables': 2, 'num_of_arrays': 3, 'num_of_operators': 0, 'num_of_nested_casting': 0, 'entropy': 4.779288010166471}, 'relevant_distance_readability': 0.8844, 'relevant_distance_complexity': 0.0536}, 'sample_21a9Fu8ndGQY_results/generations/sample_21/sample_21.py-44e8759ab87b19d16a3cfe42dc65a0035bc99db758fb35765ab5cd29647ed6a9': {'variant_file': 'sample_21a9Fu8ndGQY_results/generations/sample_21/sample_21.py-44e8759ab87b19d16a3cfe42dc65a0035bc99db758fb35765ab5cd29647ed6a9', 'applicable_rules': ['add_try_except_inside_functions', 'add_time', 'add_sklearn', 'add_http', 'add_base64', 'add_dateutil'], 'applied_rules': ['add_scipy', 'add_decorator', 'add_datetime', 'add_crypto', 'change_var_names'], 'complexity': {'File': 'sample_21a9Fu8ndGQY_results/generations/sample_21/sample_21.py-44e8759ab87b19d16a3cfe42dc65a0035bc99db758fb35765ab5cd29647ed6a9', 'Base complexity': 3, 'Predicates with operators': 0, 'Nested levels': 0, 'Complex code structures': 5, 'Third-Party calls': 3, 'Inter_dependencies': 0, 'Intra_dependencies': 0, 'Log': 'tmp/sample_21a9Fu8ndGQY_results_generations_sample_21_sample_21.py-44e8759ab87b19d16a3cfe42dc65a0035bc99db758fb35765ab5cd29647ed6a9.log'}, 'readability': {'num_tokens': 89, 'lines_of_code': 16, 'num_conditions': 0, 'num_loops': 0, 'num_assignments': 2, 'num_max_nested_loop': 0, 'num_max_nested_if': 0, 'num_max_conditions_in_if': 0, 'max_line_tokens': 18, 'num_of_variables': 2, 'num_of_arrays': 3, 'num_of_operators': 0, 'num_of_nested_casting': 0, 'entropy': 4.7919959304559185}, 'relevant_distance_readability': 0.8843, 'relevant_distance_complexity': 0.0536}, 'sample_21a9Fu8ndGQY_results/generations/sample_21/sample_21.py-6726d11e97fcdad7d64ff7ce954db4f4d2971c38d0989a8187c8cfb67df9a1e9': {'variant_file': 'sample_21a9Fu8ndGQY_results/generations/sample_21/sample_21.py-6726d11e97fcdad7d64ff7ce954db4f4d2971c38d0989a8187c8cfb67df9a1e9', 'applicable_rules': ['add_try_except_inside_functions', 'add_time', 'add_crypto', 'add_http', 'add_base64', 'add_dateutil'], 'applied_rules': ['add_scipy', 'add_decorator', 'add_datetime', 'add_sklearn', 'change_var_names'], 'complexity': {'File': 'sample_21a9Fu8ndGQY_results/generations/sample_21/sample_21.py-6726d11e97fcdad7d64ff7ce954db4f4d2971c38d0989a8187c8cfb67df9a1e9', 'Base complexity': 3, 'Predicates with operators': 0, 'Nested levels': 0, 'Complex code structures': 6, 'Third-Party calls': 3, 'Inter_dependencies': 0, 'Intra_dependencies': 0, 'Log': 'tmp/sample_21a9Fu8ndGQY_results_generations_sample_21_sample_21.py-6726d11e97fcdad7d64ff7ce954db4f4d2971c38d0989a8187c8cfb67df9a1e9.log'}, 'readability': {'num_tokens': 96, 'lines_of_code': 16, 'num_conditions': 0, 'num_loops': 0, 'num_assignments': 2, 'num_max_nested_loop': 0, 'num_max_nested_if': 0, 'num_max_conditions_in_if': 0, 'max_line_tokens': 18, 'num_of_variables': 2, 'num_of_arrays': 4, 'num_of_operators': 0, 'num_of_nested_casting': 0, 'entropy': 4.839523506033871}, 'relevant_distance_readability': 0.8782, 'relevant_distance_complexity': 0.0583}, 'sample_21a9Fu8ndGQY_results/generations/sample_21/sample_21.py-a00cdfecebb010212d735c1deaf3a1ebd56dbe8273baf6e743e81a716a80e5e6': {'variant_file': 'sample_21a9Fu8ndGQY_results/generations/sample_21/sample_21.py-a00cdfecebb010212d735c1deaf3a1ebd56dbe8273baf6e743e81a716a80e5e6', 'applicable_rules': ['add_try_except_inside_functions', 'add_time', 'add_crypto', 'add_sklearn', 'add_base64', 'add_dateutil'], 'applied_rules': ['add_scipy', 'add_decorator', 'add_datetime', 'add_http', 'change_var_names'], 'complexity': {'File': 'sample_21a9Fu8ndGQY_results/generations/sample_21/sample_21.py-a00cdfecebb010212d735c1deaf3a1ebd56dbe8273baf6e743e81a716a80e5e6', 'Base complexity': 3, 'Predicates with operators': 0, 'Nested levels': 0, 'Complex code structures': 5, 'Third-Party calls': 3, 'Inter_dependencies': 0, 'Intra_dependencies': 0, 'Log': 'tmp/sample_21a9Fu8ndGQY_results_generations_sample_21_sample_21.py-a00cdfecebb010212d735c1deaf3a1ebd56dbe8273baf6e743e81a716a80e5e6.log'}, 'readability': {'num_tokens': 93, 'lines_of_code': 16, 'num_conditions': 0, 'num_loops': 0, 'num_assignments': 2, 'num_max_nested_loop': 0, 'num_max_nested_if': 0, 'num_max_conditions_in_if': 0, 'max_line_tokens': 18, 'num_of_variables': 2, 'num_of_arrays': 3, 'num_of_operators': 0, 'num_of_nested_casting': 0, 'entropy': 4.8576323319853065}, 'relevant_distance_readability': 0.8835, 'relevant_distance_complexity': 0.0536}, 'sample_21a9Fu8ndGQY_results/generations/sample_21/sample_21.py-76796856751bd52cbab6f0c32feb1969fa60406154be720b1c359bd9f96a8b95': {'variant_file': 'sample_21a9Fu8ndGQY_results/generations/sample_21/sample_21.py-76796856751bd52cbab6f0c32feb1969fa60406154be720b1c359bd9f96a8b95', 'applicable_rules': ['add_try_except_inside_functions', 'add_time', 'add_crypto', 'add_sklearn', 'add_http', 'add_dateutil'], 'applied_rules': ['add_scipy', 'add_decorator', 'add_datetime', 'add_base64'], 'complexity': {'File': 'sample_21a9Fu8ndGQY_results/generations/sample_21/sample_21.py-76796856751bd52cbab6f0c32feb1969fa60406154be720b1c359bd9f96a8b95', 'Base complexity': 3, 'Predicates with operators': 0, 'Nested levels': 0, 'Complex code structures': 5, 'Third-Party calls': 3, 'Inter_dependencies': 0, 'Intra_dependencies': 0, 'Log': 'tmp/sample_21a9Fu8ndGQY_results_generations_sample_21_sample_21.py-76796856751bd52cbab6f0c32feb1969fa60406154be720b1c359bd9f96a8b95.log'}, 'readability': {'num_tokens': 89, 'lines_of_code': 16, 'num_conditions': 0, 'num_loops': 0, 'num_assignments': 2, 'num_max_nested_loop': 0, 'num_max_nested_if': 0, 'num_max_conditions_in_if': 0, 'max_line_tokens': 18, 'num_of_variables': 2, 'num_of_arrays': 3, 'num_of_operators': 0, 'num_of_nested_casting': 0, 'entropy': 4.814467840568278}, 'relevant_distance_readability': 0.884, 'relevant_distance_complexity': 0.0536}, 'sample_21a9Fu8ndGQY_results/generations/sample_21/sample_21.py-99c1ea3a64e0e1997ef6a0b6ef83c8d8dae276eb3c6e10ede5206a16b223083e': {'variant_file': 'sample_21a9Fu8ndGQY_results/generations/sample_21/sample_21.py-99c1ea3a64e0e1997ef6a0b6ef83c8d8dae276eb3c6e10ede5206a16b223083e', 'applicable_rules': ['add_try_except_inside_functions', 'add_time', 'add_crypto', 'add_sklearn', 'add_http', 'add_base64'], 'applied_rules': ['add_scipy', 'add_decorator', 'add_datetime', 'add_dateutil'], 'complexity': {'File': 'sample_21a9Fu8ndGQY_results/generations/sample_21/sample_21.py-99c1ea3a64e0e1997ef6a0b6ef83c8d8dae276eb3c6e10ede5206a16b223083e', 'Base complexity': 3, 'Predicates with operators': 0, 'Nested levels': 0, 'Complex code structures': 5, 'Third-Party calls': 3, 'Inter_dependencies': 0, 'Intra_dependencies': 0, 'Log': 'tmp/sample_21a9Fu8ndGQY_results_generations_sample_21_sample_21.py-99c1ea3a64e0e1997ef6a0b6ef83c8d8dae276eb3c6e10ede5206a16b223083e.log'}, 'readability': {'num_tokens': 92, 'lines_of_code': 16, 'num_conditions': 0, 'num_loops': 0, 'num_assignments': 2, 'num_max_nested_loop': 0, 'num_max_nested_if': 0, 'num_max_conditions_in_if': 0, 'max_line_tokens': 18, 'num_of_variables': 2, 'num_of_arrays': 3, 'num_of_operators': 0, 'num_of_nested_casting': 0, 'entropy': 4.872989808824048}, 'relevant_distance_readability': 0.8834, 'relevant_distance_complexity': 0.0536}, 'sample_21a9Fu8ndGQY_results/generations/sample_21/sample_21.py-9d053da9c4c5e1c7e50c408ae203b7ab32da2ee859c457c4c17e06cd9d0a3d02': {'variant_file': 'sample_21a9Fu8ndGQY_results/generations/sample_21/sample_21.py-9d053da9c4c5e1c7e50c408ae203b7ab32da2ee859c457c4c17e06cd9d0a3d02', 'applicable_rules': ['add_try_except_inside_functions', 'add_time', 'add_crypto', 'add_sklearn', 'add_http', 'add_base64', 'add_dateutil'], 'applied_rules': ['add_scipy', 'add_datetime', 'change_var_names', 'add_decorator', 'change_var_names', 'add_try_except_inside_functions'], 'complexity': {'File': 'sample_21a9Fu8ndGQY_results/generations/sample_21/sample_21.py-9d053da9c4c5e1c7e50c408ae203b7ab32da2ee859c457c4c17e06cd9d0a3d02', 'Base complexity': 5, 'Predicates with operators': 0, 'Nested levels': 0, 'Complex code structures': 5, 'Third-Party calls': 2, 'Inter_dependencies': 0, 'Intra_dependencies': 0, 'Log': 'tmp/sample_21a9Fu8ndGQY_results_generations_sample_21_sample_21.py-9d053da9c4c5e1c7e50c408ae203b7ab32da2ee859c457c4c17e06cd9d0a3d02.log'}, 'readability': {'num_tokens': 87, 'lines_of_code': 17, 'num_conditions': 0, 'num_loops': 0, 'num_assignments': 2, 'num_max_nested_loop': 0, 'num_max_nested_if': 0, 'num_max_conditions_in_if': 0, 'max_line_tokens': 18, 'num_of_variables': 2, 'num_of_arrays': 3, 'num_of_operators': 0, 'num_of_nested_casting': 0, 'entropy': 4.8004854155087155}, 'relevant_distance_readability': 0.884, 'relevant_distance_complexity': 0.05}, 'sample_21a9Fu8ndGQY_results/generations/sample_21/sample_21.py-fab5d4fe6ab8cf187d2a557d80b5e9306142aabe59b4d808b69602f956c0520f': {'variant_file': 'sample_21a9Fu8ndGQY_results/generations/sample_21/sample_21.py-fab5d4fe6ab8cf187d2a557d80b5e9306142aabe59b4d808b69602f956c0520f', 'applicable_rules': ['add_try_except_inside_functions', 'add_crypto', 'add_sklearn', 'add_http', 'add_base64', 'add_dateutil'], 'applied_rules': ['add_scipy', 'add_datetime', 'change_var_names', 'add_decorator', 'change_var_names', 'add_time'], 'complexity': {'File': 'sample_21a9Fu8ndGQY_results/generations/sample_21/sample_21.py-fab5d4fe6ab8cf187d2a557d80b5e9306142aabe59b4d808b69602f956c0520f', 'Base complexity': 3, 'Predicates with operators': 0, 'Nested levels': 0, 'Complex code structures': 5, 'Third-Party calls': 3, 'Inter_dependencies': 0, 'Intra_dependencies': 0, 'Log': 'tmp/sample_21a9Fu8ndGQY_results_generations_sample_21_sample_21.py-fab5d4fe6ab8cf187d2a557d80b5e9306142aabe59b4d808b69602f956c0520f.log'}, 'readability': {'num_tokens': 88, 'lines_of_code': 16, 'num_conditions': 0, 'num_loops': 0, 'num_assignments': 2, 'num_max_nested_loop': 0, 'num_max_nested_if': 0, 'num_max_conditions_in_if': 0, 'max_line_tokens': 18, 'num_of_variables': 2, 'num_of_arrays': 3, 'num_of_operators': 0, 'num_of_nested_casting': 0, 'entropy': 4.779288010166472}, 'relevant_distance_readability': 0.8844, 'relevant_distance_complexity': 0.0536}, 'sample_21a9Fu8ndGQY_results/generations/sample_21/sample_21.py-712746ed2f693506de4a1fb77a2062f77f63bce625ec91989c3ffd81ccda64da': {'variant_file': 'sample_21a9Fu8ndGQY_results/generations/sample_21/sample_21.py-712746ed2f693506de4a1fb77a2062f77f63bce625ec91989c3ffd81ccda64da', 'applicable_rules': ['add_try_except_inside_functions', 'add_time', 'add_sklearn', 'add_http', 'add_base64', 'add_dateutil'], 'applied_rules': ['add_scipy', 'add_datetime', 'change_var_names', 'add_decorator', 'change_var_names', 'add_crypto'], 'complexity': {'File': 'sample_21a9Fu8ndGQY_results/generations/sample_21/sample_21.py-712746ed2f693506de4a1fb77a2062f77f63bce625ec91989c3ffd81ccda64da', 'Base complexity': 3, 'Predicates with operators': 0, 'Nested levels': 0, 'Complex code structures': 5, 'Third-Party calls': 3, 'Inter_dependencies': 0, 'Intra_dependencies': 0, 'Log': 'tmp/sample_21a9Fu8ndGQY_results_generations_sample_21_sample_21.py-712746ed2f693506de4a1fb77a2062f77f63bce625ec91989c3ffd81ccda64da.log'}, 'readability': {'num_tokens': 89, 'lines_of_code': 16, 'num_conditions': 0, 'num_loops': 0, 'num_assignments': 2, 'num_max_nested_loop': 0, 'num_max_nested_if': 0, 'num_max_conditions_in_if': 0, 'max_line_tokens': 18, 'num_of_variables': 2, 'num_of_arrays': 3, 'num_of_operators': 0, 'num_of_nested_casting': 0, 'entropy': 4.7919959304559185}, 'relevant_distance_readability': 0.8843, 'relevant_distance_complexity': 0.0536}, 'sample_21a9Fu8ndGQY_results/generations/sample_21/sample_21.py-15645e248ac8fc0d8d24e36fc3bb3f565fac4a358807bdcef3b7b2deb160e27b': {'variant_file': 'sample_21a9Fu8ndGQY_results/generations/sample_21/sample_21.py-15645e248ac8fc0d8d24e36fc3bb3f565fac4a358807bdcef3b7b2deb160e27b', 'applicable_rules': ['add_try_except_inside_functions', 'add_time', 'add_crypto', 'add_sklearn', 'add_base64', 'add_dateutil'], 'applied_rules': ['add_scipy', 'add_datetime', 'change_var_names', 'add_decorator', 'change_var_names', 'add_http'], 'complexity': {'File': 'sample_21a9Fu8ndGQY_results/generations/sample_21/sample_21.py-15645e248ac8fc0d8d24e36fc3bb3f565fac4a358807bdcef3b7b2deb160e27b', 'Base complexity': 3, 'Predicates with operators': 0, 'Nested levels': 0, 'Complex code structures': 5, 'Third-Party calls': 3, 'Inter_dependencies': 0, 'Intra_dependencies': 0, 'Log': 'tmp/sample_21a9Fu8ndGQY_results_generations_sample_21_sample_21.py-15645e248ac8fc0d8d24e36fc3bb3f565fac4a358807bdcef3b7b2deb160e27b.log'}, 'readability': {'num_tokens': 93, 'lines_of_code': 16, 'num_conditions': 0, 'num_loops': 0, 'num_assignments': 2, 'num_max_nested_loop': 0, 'num_max_nested_if': 0, 'num_max_conditions_in_if': 0, 'max_line_tokens': 18, 'num_of_variables': 2, 'num_of_arrays': 3, 'num_of_operators': 0, 'num_of_nested_casting': 0, 'entropy': 4.857632331985306}, 'relevant_distance_readability': 0.8835, 'relevant_distance_complexity': 0.0536}, 'sample_21a9Fu8ndGQY_results/generations/sample_21/sample_21.py-d49b311d7bd2e6d8a793465025b0264ef22c1c088bc48fe8b33fa6adae8ff23d': {'variant_file': 'sample_21a9Fu8ndGQY_results/generations/sample_21/sample_21.py-d49b311d7bd2e6d8a793465025b0264ef22c1c088bc48fe8b33fa6adae8ff23d', 'applicable_rules': ['add_try_except_inside_functions', 'add_time', 'add_crypto', 'add_sklearn', 'add_http', 'add_dateutil'], 'applied_rules': ['add_scipy', 'add_datetime', 'change_var_names', 'add_decorator', 'change_var_names', 'add_base64'], 'complexity': {'File': 'sample_21a9Fu8ndGQY_results/generations/sample_21/sample_21.py-d49b311d7bd2e6d8a793465025b0264ef22c1c088bc48fe8b33fa6adae8ff23d', 'Base complexity': 3, 'Predicates with operators': 0, 'Nested levels': 0, 'Complex code structures': 5, 'Third-Party calls': 3, 'Inter_dependencies': 0, 'Intra_dependencies': 0, 'Log': 'tmp/sample_21a9Fu8ndGQY_results_generations_sample_21_sample_21.py-d49b311d7bd2e6d8a793465025b0264ef22c1c088bc48fe8b33fa6adae8ff23d.log'}, 'readability': {'num_tokens': 89, 'lines_of_code': 16, 'num_conditions': 0, 'num_loops': 0, 'num_assignments': 2, 'num_max_nested_loop': 0, 'num_max_nested_if': 0, 'num_max_conditions_in_if': 0, 'max_line_tokens': 18, 'num_of_variables': 2, 'num_of_arrays': 3, 'num_of_operators': 0, 'num_of_nested_casting': 0, 'entropy': 4.814467840568279}, 'relevant_distance_readability': 0.884, 'relevant_distance_complexity': 0.0536}, 'sample_21a9Fu8ndGQY_results/generations/sample_21/sample_21.py-165c9042f1cf31afd99f8186ee23c7b800064b045bfa500c31ff7a65719f327c': {'variant_file': 'sample_21a9Fu8ndGQY_results/generations/sample_21/sample_21.py-165c9042f1cf31afd99f8186ee23c7b800064b045bfa500c31ff7a65719f327c', 'applicable_rules': ['add_try_except_inside_functions', 'add_time', 'add_crypto', 'add_sklearn', 'add_http', 'add_base64'], 'applied_rules': ['add_scipy', 'add_datetime', 'change_var_names', 'add_decorator', 'change_var_names', 'add_dateutil'], 'complexity': {'File': 'sample_21a9Fu8ndGQY_results/generations/sample_21/sample_21.py-165c9042f1cf31afd99f8186ee23c7b800064b045bfa500c31ff7a65719f327c', 'Base complexity': 3, 'Predicates with operators': 0, 'Nested levels': 0, 'Complex code structures': 5, 'Third-Party calls': 3, 'Inter_dependencies': 0, 'Intra_dependencies': 0, 'Log': 'tmp/sample_21a9Fu8ndGQY_results_generations_sample_21_sample_21.py-165c9042f1cf31afd99f8186ee23c7b800064b045bfa500c31ff7a65719f327c.log'}, 'readability': {'num_tokens': 92, 'lines_of_code': 16, 'num_conditions': 0, 'num_loops': 0, 'num_assignments': 2, 'num_max_nested_loop': 0, 'num_max_nested_if': 0, 'num_max_conditions_in_if': 0, 'max_line_tokens': 18, 'num_of_variables': 2, 'num_of_arrays': 3, 'num_of_operators': 0, 'num_of_nested_casting': 0, 'entropy': 4.872989808824049}, 'relevant_distance_readability': 0.8834, 'relevant_distance_complexity': 0.0536}, 'sample_21a9Fu8ndGQY_results/generations/sample_21/sample_21.py-e9faf67dbb1ca9775ba3809653cb96add030b7184877045f991efb8b0cb96813': {'variant_file': 'sample_21a9Fu8ndGQY_results/generations/sample_21/sample_21.py-e9faf67dbb1ca9775ba3809653cb96add030b7184877045f991efb8b0cb96813', 'applicable_rules': ['transform_function_to_class', 'add_decorator', 'add_time', 'add_crypto', 'add_http', 'add_base64', 'add_dateutil'], 'applied_rules': ['add_scipy', 'add_datetime', 'change_var_names', 'add_sklearn', 'add_try_except_inside_functions'], 'complexity': {'File': 'sample_21a9Fu8ndGQY_results/generations/sample_21/sample_21.py-e9faf67dbb1ca9775ba3809653cb96add030b7184877045f991efb8b0cb96813', 'Base complexity': 3, 'Predicates with operators': 0, 'Nested levels': 0, 'Complex code structures': 4, 'Third-Party calls': 3, 'Inter_dependencies': 0, 'Intra_dependencies': 0, 'Log': 'tmp/sample_21a9Fu8ndGQY_results_generations_sample_21_sample_21.py-e9faf67dbb1ca9775ba3809653cb96add030b7184877045f991efb8b0cb96813.log'}, 'readability': {'num_tokens': 67, 'lines_of_code': 13, 'num_conditions': 0, 'num_loops': 0, 'num_assignments': 1, 'num_max_nested_loop': 0, 'num_max_nested_if': 0, 'num_max_conditions_in_if': 0, 'max_line_tokens': 18, 'num_of_variables': 1, 'num_of_arrays': 4, 'num_of_operators': 0, 'num_of_nested_casting': 0, 'entropy': 4.614086018589946}, 'relevant_distance_readability': 0.8838, 'relevant_distance_complexity': 0.0489}, 'sample_21a9Fu8ndGQY_results/generations/sample_21/sample_21.py-f29370a97da0cd38a590b218da2cb8298e50a1fd72c80bd940b9dce8fab31c57': {'variant_file': 'sample_21a9Fu8ndGQY_results/generations/sample_21/sample_21.py-f29370a97da0cd38a590b218da2cb8298e50a1fd72c80bd940b9dce8fab31c57', 'applicable_rules': ['add_try_except_inside_functions', 'transform_function_to_class', 'add_decorator', 'add_crypto', 'add_http', 'add_base64', 'add_dateutil'], 'applied_rules': ['add_scipy', 'add_datetime', 'change_var_names', 'add_sklearn', 'add_time'], 'complexity': {'File': 'sample_21a9Fu8ndGQY_results/generations/sample_21/sample_21.py-f29370a97da0cd38a590b218da2cb8298e50a1fd72c80bd940b9dce8fab31c57', 'Base complexity': 1, 'Predicates with operators': 0, 'Nested levels': 0, 'Complex code structures': 4, 'Third-Party calls': 4, 'Inter_dependencies': 0, 'Intra_dependencies': 0, 'Log': 'tmp/sample_21a9Fu8ndGQY_results_generations_sample_21_sample_21.py-f29370a97da0cd38a590b218da2cb8298e50a1fd72c80bd940b9dce8fab31c57.log'}, 'readability': {'num_tokens': 68, 'lines_of_code': 12, 'num_conditions': 0, 'num_loops': 0, 'num_assignments': 1, 'num_max_nested_loop': 0, 'num_max_nested_if': 0, 'num_max_conditions_in_if': 0, 'max_line_tokens': 18, 'num_of_variables': 1, 'num_of_arrays': 4, 'num_of_operators': 0, 'num_of_nested_casting': 0, 'entropy': 4.557200246971371}, 'relevant_distance_readability': 0.8846, 'relevant_distance_complexity': 0.0525}, 'sample_21a9Fu8ndGQY_results/generations/sample_21/sample_21.py-e76c8890dccb3b363301bd4cfbd799e930a2045627fdcb4a5f1f90c6096a66dc': {'variant_file': 'sample_21a9Fu8ndGQY_results/generations/sample_21/sample_21.py-e76c8890dccb3b363301bd4cfbd799e930a2045627fdcb4a5f1f90c6096a66dc', 'applicable_rules': ['add_try_except_inside_functions', 'transform_function_to_class', 'add_decorator', 'add_time', 'add_http', 'add_base64', 'add_dateutil'], 'applied_rules': ['add_scipy', 'add_datetime', 'change_var_names', 'add_sklearn', 'add_crypto'], 'complexity': {'File': 'sample_21a9Fu8ndGQY_results/generations/sample_21/sample_21.py-e76c8890dccb3b363301bd4cfbd799e930a2045627fdcb4a5f1f90c6096a66dc', 'Base complexity': 1, 'Predicates with operators': 0, 'Nested levels': 0, 'Complex code structures': 4, 'Third-Party calls': 4, 'Inter_dependencies': 0, 'Intra_dependencies': 0, 'Log': 'tmp/sample_21a9Fu8ndGQY_results_generations_sample_21_sample_21.py-e76c8890dccb3b363301bd4cfbd799e930a2045627fdcb4a5f1f90c6096a66dc.log'}, 'readability': {'num_tokens': 69, 'lines_of_code': 12, 'num_conditions': 0, 'num_loops': 0, 'num_assignments': 1, 'num_max_nested_loop': 0, 'num_max_nested_if': 0, 'num_max_conditions_in_if': 0, 'max_line_tokens': 18, 'num_of_variables': 1, 'num_of_arrays': 4, 'num_of_operators': 0, 'num_of_nested_casting': 0, 'entropy': 4.560513675428409}, 'relevant_distance_readability': 0.8845, 'relevant_distance_complexity': 0.0525}, 'sample_21a9Fu8ndGQY_results/generations/sample_21/sample_21.py-bd9ec8f483e15efce3d1824d8f58fa1b05fb97b41421338790e55981d9f9e114': {'variant_file': 'sample_21a9Fu8ndGQY_results/generations/sample_21/sample_21.py-bd9ec8f483e15efce3d1824d8f58fa1b05fb97b41421338790e55981d9f9e114', 'applicable_rules': ['add_try_except_inside_functions', 'transform_function_to_class', 'add_decorator', 'add_time', 'add_crypto', 'add_base64', 'add_dateutil'], 'applied_rules': ['add_scipy', 'add_datetime', 'change_var_names', 'add_sklearn', 'add_http'], 'complexity': {'File': 'sample_21a9Fu8ndGQY_results/generations/sample_21/sample_21.py-bd9ec8f483e15efce3d1824d8f58fa1b05fb97b41421338790e55981d9f9e114', 'Base complexity': 1, 'Predicates with operators': 0, 'Nested levels': 0, 'Complex code structures': 4, 'Third-Party calls': 4, 'Inter_dependencies': 0, 'Intra_dependencies': 0, 'Log': 'tmp/sample_21a9Fu8ndGQY_results_generations_sample_21_sample_21.py-bd9ec8f483e15efce3d1824d8f58fa1b05fb97b41421338790e55981d9f9e114.log'}, 'readability': {'num_tokens': 73, 'lines_of_code': 12, 'num_conditions': 0, 'num_loops': 0, 'num_assignments': 1, 'num_max_nested_loop': 0, 'num_max_nested_if': 0, 'num_max_conditions_in_if': 0, 'max_line_tokens': 18, 'num_of_variables': 1, 'num_of_arrays': 4, 'num_of_operators': 0, 'num_of_nested_casting': 0, 'entropy': 4.637193477700373}, 'relevant_distance_readability': 0.8837, 'relevant_distance_complexity': 0.0525}, 'sample_21a9Fu8ndGQY_results/generations/sample_21/sample_21.py-982b7cbbc583fb4be74748391920bad590a74fc0bb43caae168961d26d0b153f': {'variant_file': 'sample_21a9Fu8ndGQY_results/generations/sample_21/sample_21.py-982b7cbbc583fb4be74748391920bad590a74fc0bb43caae168961d26d0b153f', 'applicable_rules': ['add_try_except_inside_functions', 'transform_function_to_class', 'add_decorator', 'add_time', 'add_crypto', 'add_http', 'add_dateutil'], 'applied_rules': ['add_scipy', 'add_datetime', 'change_var_names', 'add_sklearn', 'add_base64'], 'complexity': {'File': 'sample_21a9Fu8ndGQY_results/generations/sample_21/sample_21.py-982b7cbbc583fb4be74748391920bad590a74fc0bb43caae168961d26d0b153f', 'Base complexity': 1, 'Predicates with operators': 0, 'Nested levels': 0, 'Complex code structures': 4, 'Third-Party calls': 4, 'Inter_dependencies': 0, 'Intra_dependencies': 0, 'Log': 'tmp/sample_21a9Fu8ndGQY_results_generations_sample_21_sample_21.py-982b7cbbc583fb4be74748391920bad590a74fc0bb43caae168961d26d0b153f.log'}, 'readability': {'num_tokens': 69, 'lines_of_code': 12, 'num_conditions': 0, 'num_loops': 0, 'num_assignments': 1, 'num_max_nested_loop': 0, 'num_max_nested_if': 0, 'num_max_conditions_in_if': 0, 'max_line_tokens': 18, 'num_of_variables': 1, 'num_of_arrays': 4, 'num_of_operators': 0, 'num_of_nested_casting': 0, 'entropy': 4.600439581256865}, 'relevant_distance_readability': 0.8841, 'relevant_distance_complexity': 0.0525}, 'sample_21a9Fu8ndGQY_results/generations/sample_21/sample_21.py-56505121f921f012783f8c4d373352d970ae81f88aa74516aac1aaf95ec20601': {'variant_file': 'sample_21a9Fu8ndGQY_results/generations/sample_21/sample_21.py-56505121f921f012783f8c4d373352d970ae81f88aa74516aac1aaf95ec20601', 'applicable_rules': ['add_try_except_inside_functions', 'transform_function_to_class', 'add_decorator', 'add_time', 'add_crypto', 'add_http', 'add_base64'], 'applied_rules': ['add_scipy', 'add_datetime', 'change_var_names', 'add_sklearn', 'add_dateutil'], 'complexity': {'File': 'sample_21a9Fu8ndGQY_results/generations/sample_21/sample_21.py-56505121f921f012783f8c4d373352d970ae81f88aa74516aac1aaf95ec20601', 'Base complexity': 1, 'Predicates with operators': 0, 'Nested levels': 0, 'Complex code structures': 4, 'Third-Party calls': 4, 'Inter_dependencies': 0, 'Intra_dependencies': 0, 'Log': 'tmp/sample_21a9Fu8ndGQY_results_generations_sample_21_sample_21.py-56505121f921f012783f8c4d373352d970ae81f88aa74516aac1aaf95ec20601.log'}, 'readability': {'num_tokens': 72, 'lines_of_code': 12, 'num_conditions': 0, 'num_loops': 0, 'num_assignments': 1, 'num_max_nested_loop': 0, 'num_max_nested_if': 0, 'num_max_conditions_in_if': 0, 'max_line_tokens': 18, 'num_of_variables': 1, 'num_of_arrays': 4, 'num_of_operators': 0, 'num_of_nested_casting': 0, 'entropy': 4.658636891537683}, 'relevant_distance_readability': 0.8835, 'relevant_distance_complexity': 0.0525}, 'sample_21a9Fu8ndGQY_results/generations/sample_21/sample_21.py-a681d328bafd136b05927c19c68d4b464a7dabeac54dd70e59692287a7f6bdd7': {'variant_file': 'sample_21a9Fu8ndGQY_results/generations/sample_21/sample_21.py-a681d328bafd136b05927c19c68d4b464a7dabeac54dd70e59692287a7f6bdd7', 'applicable_rules': ['add_try_except_inside_functions', 'add_time', 'add_crypto', 'add_http', 'add_scipy', 'add_base64', 'add_dateutil'], 'applied_rules': ['add_decorator', 'add_sklearn', 'change_var_names', 'add_datetime', 'add_try_except_inside_functions'], 'complexity': {'File': 'sample_21a9Fu8ndGQY_results/generations/sample_21/sample_21.py-a681d328bafd136b05927c19c68d4b464a7dabeac54dd70e59692287a7f6bdd7', 'Base complexity': 5, 'Predicates with operators': 0, 'Nested levels': 0, 'Complex code structures': 4, 'Third-Party calls': 2, 'Inter_dependencies': 0, 'Intra_dependencies': 0, 'Log': 'tmp/sample_21a9Fu8ndGQY_results_generations_sample_21_sample_21.py-a681d328bafd136b05927c19c68d4b464a7dabeac54dd70e59692287a7f6bdd7.log'}, 'readability': {'num_tokens': 79, 'lines_of_code': 17, 'num_conditions': 0, 'num_loops': 0, 'num_assignments': 2, 'num_max_nested_loop': 0, 'num_max_nested_if': 0, 'num_max_conditions_in_if': 0, 'max_line_tokens': 11, 'num_of_variables': 2, 'num_of_arrays': 2, 'num_of_operators': 0, 'num_of_nested_casting': 0, 'entropy': 4.721581780332914}, 'relevant_distance_readability': 0.9066, 'relevant_distance_complexity': 0.0453}, 'sample_21a9Fu8ndGQY_results/generations/sample_21/sample_21.py-0900e738e791e8ed7bb3866c5999466bfb506763d77038562079e7c9130c994e': {'variant_file': 'sample_21a9Fu8ndGQY_results/generations/sample_21/sample_21.py-0900e738e791e8ed7bb3866c5999466bfb506763d77038562079e7c9130c994e', 'applicable_rules': ['add_try_except_inside_functions', 'add_crypto', 'add_http', 'add_scipy', 'add_base64', 'add_dateutil'], 'applied_rules': ['add_decorator', 'add_sklearn', 'change_var_names', 'add_datetime', 'add_time'], 'complexity': {'File': 'sample_21a9Fu8ndGQY_results/generations/sample_21/sample_21.py-0900e738e791e8ed7bb3866c5999466bfb506763d77038562079e7c9130c994e', 'Base complexity': 3, 'Predicates with operators': 0, 'Nested levels': 0, 'Complex code structures': 4, 'Third-Party calls': 3, 'Inter_dependencies': 0, 'Intra_dependencies': 0, 'Log': 'tmp/sample_21a9Fu8ndGQY_results_generations_sample_21_sample_21.py-0900e738e791e8ed7bb3866c5999466bfb506763d77038562079e7c9130c994e.log'}, 'readability': {'num_tokens': 80, 'lines_of_code': 16, 'num_conditions': 0, 'num_loops': 0, 'num_assignments': 2, 'num_max_nested_loop': 0, 'num_max_nested_if': 0, 'num_max_conditions_in_if': 0, 'max_line_tokens': 11, 'num_of_variables': 2, 'num_of_arrays': 2, 'num_of_operators': 0, 'num_of_nested_casting': 0, 'entropy': 4.697521807193078}, 'relevant_distance_readability': 0.907, 'relevant_distance_complexity': 0.0489}, 'sample_21a9Fu8ndGQY_results/generations/sample_21/sample_21.py-7a8533a2e8e0d3c6e2c32e3e1f1dd1b5b924fdd8f35da25cfc0547b3886fff52': {'variant_file': 'sample_21a9Fu8ndGQY_results/generations/sample_21/sample_21.py-7a8533a2e8e0d3c6e2c32e3e1f1dd1b5b924fdd8f35da25cfc0547b3886fff52', 'applicable_rules': ['add_try_except_inside_functions', 'add_time', 'add_http', 'add_scipy', 'add_base64', 'add_dateutil'], 'applied_rules': ['add_decorator', 'add_sklearn', 'change_var_names', 'add_datetime', 'add_crypto'], 'complexity': {'File': 'sample_21a9Fu8ndGQY_results/generations/sample_21/sample_21.py-7a8533a2e8e0d3c6e2c32e3e1f1dd1b5b924fdd8f35da25cfc0547b3886fff52', 'Base complexity': 3, 'Predicates with operators': 0, 'Nested levels': 0, 'Complex code structures': 4, 'Third-Party calls': 3, 'Inter_dependencies': 0, 'Intra_dependencies': 0, 'Log': 'tmp/sample_21a9Fu8ndGQY_results_generations_sample_21_sample_21.py-7a8533a2e8e0d3c6e2c32e3e1f1dd1b5b924fdd8f35da25cfc0547b3886fff52.log'}, 'readability': {'num_tokens': 81, 'lines_of_code': 16, 'num_conditions': 0, 'num_loops': 0, 'num_assignments': 2, 'num_max_nested_loop': 0, 'num_max_nested_if': 0, 'num_max_conditions_in_if': 0, 'max_line_tokens': 11, 'num_of_variables': 2, 'num_of_arrays': 2, 'num_of_operators': 0, 'num_of_nested_casting': 0, 'entropy': 4.710806755779157}, 'relevant_distance_readability': 0.9068, 'relevant_distance_complexity': 0.0489}, 'sample_21a9Fu8ndGQY_results/generations/sample_21/sample_21.py-1c852a25a7167d2a98ab149c39b10a13844b9d69be69b05b0eaa3b63ecf43d82': {'variant_file': 'sample_21a9Fu8ndGQY_results/generations/sample_21/sample_21.py-1c852a25a7167d2a98ab149c39b10a13844b9d69be69b05b0eaa3b63ecf43d82', 'applicable_rules': ['add_try_except_inside_functions', 'add_time', 'add_crypto', 'add_scipy', 'add_base64', 'add_dateutil'], 'applied_rules': ['add_decorator', 'add_sklearn', 'change_var_names', 'add_datetime', 'add_http'], 'complexity': {'File': 'sample_21a9Fu8ndGQY_results/generations/sample_21/sample_21.py-1c852a25a7167d2a98ab149c39b10a13844b9d69be69b05b0eaa3b63ecf43d82', 'Base complexity': 3, 'Predicates with operators': 0, 'Nested levels': 0, 'Complex code structures': 4, 'Third-Party calls': 3, 'Inter_dependencies': 0, 'Intra_dependencies': 0, 'Log': 'tmp/sample_21a9Fu8ndGQY_results_generations_sample_21_sample_21.py-1c852a25a7167d2a98ab149c39b10a13844b9d69be69b05b0eaa3b63ecf43d82.log'}, 'readability': {'num_tokens': 85, 'lines_of_code': 16, 'num_conditions': 0, 'num_loops': 0, 'num_assignments': 2, 'num_max_nested_loop': 0, 'num_max_nested_if': 0, 'num_max_conditions_in_if': 0, 'max_line_tokens': 11, 'num_of_variables': 2, 'num_of_arrays': 2, 'num_of_operators': 0, 'num_of_nested_casting': 0, 'entropy': 4.78759520030908}, 'relevant_distance_readability': 0.906, 'relevant_distance_complexity': 0.0489}, 'sample_21a9Fu8ndGQY_results/generations/sample_21/sample_21.py-4b2df8f7989bc1617266e9b01fb59c09d64008bb01656728f60f7efcf1c45080': {'variant_file': 'sample_21a9Fu8ndGQY_results/generations/sample_21/sample_21.py-4b2df8f7989bc1617266e9b01fb59c09d64008bb01656728f60f7efcf1c45080', 'applicable_rules': ['add_try_except_inside_functions', 'add_time', 'add_crypto', 'add_http', 'add_scipy', 'add_dateutil'], 'applied_rules': ['add_decorator', 'add_sklearn', 'change_var_names', 'add_datetime', 'add_base64', 'change_var_names'], 'complexity': {'File': 'sample_21a9Fu8ndGQY_results/generations/sample_21/sample_21.py-4b2df8f7989bc1617266e9b01fb59c09d64008bb01656728f60f7efcf1c45080', 'Base complexity': 3, 'Predicates with operators': 0, 'Nested levels': 0, 'Complex code structures': 4, 'Third-Party calls': 3, 'Inter_dependencies': 0, 'Intra_dependencies': 0, 'Log': 'tmp/sample_21a9Fu8ndGQY_results_generations_sample_21_sample_21.py-4b2df8f7989bc1617266e9b01fb59c09d64008bb01656728f60f7efcf1c45080.log'}, 'readability': {'num_tokens': 81, 'lines_of_code': 16, 'num_conditions': 0, 'num_loops': 0, 'num_assignments': 2, 'num_max_nested_loop': 0, 'num_max_nested_if': 0, 'num_max_conditions_in_if': 0, 'max_line_tokens': 11, 'num_of_variables': 2, 'num_of_arrays': 2, 'num_of_operators': 0, 'num_of_nested_casting': 0, 'entropy': 4.735498113803848}, 'relevant_distance_readability': 0.9066, 'relevant_distance_complexity': 0.0489}, 'sample_21a9Fu8ndGQY_results/generations/sample_21/sample_21.py-a1e53af0276fb1c9466e798e06149bd8edefd2448c37d1879d77d8b6479f365b': {'variant_file': 'sample_21a9Fu8ndGQY_results/generations/sample_21/sample_21.py-a1e53af0276fb1c9466e798e06149bd8edefd2448c37d1879d77d8b6479f365b', 'applicable_rules': ['add_try_except_inside_functions', 'add_time', 'add_crypto', 'add_http', 'add_scipy', 'add_base64'], 'applied_rules': ['add_decorator', 'add_sklearn', 'change_var_names', 'add_datetime', 'add_dateutil'], 'complexity': {'File': 'sample_21a9Fu8ndGQY_results/generations/sample_21/sample_21.py-a1e53af0276fb1c9466e798e06149bd8edefd2448c37d1879d77d8b6479f365b', 'Base complexity': 3, 'Predicates with operators': 0, 'Nested levels': 0, 'Complex code structures': 4, 'Third-Party calls': 3, 'Inter_dependencies': 0, 'Intra_dependencies': 0, 'Log': 'tmp/sample_21a9Fu8ndGQY_results_generations_sample_21_sample_21.py-a1e53af0276fb1c9466e798e06149bd8edefd2448c37d1879d77d8b6479f365b.log'}, 'readability': {'num_tokens': 84, 'lines_of_code': 16, 'num_conditions': 0, 'num_loops': 0, 'num_assignments': 2, 'num_max_nested_loop': 0, 'num_max_nested_if': 0, 'num_max_conditions_in_if': 0, 'max_line_tokens': 11, 'num_of_variables': 2, 'num_of_arrays': 2, 'num_of_operators': 0, 'num_of_nested_casting': 0, 'entropy': 4.797644767831824}, 'relevant_distance_readability': 0.9059, 'relevant_distance_complexity': 0.0489}, 'sample_21a9Fu8ndGQY_results/generations/sample_21/sample_21.py-a531e1c3de38504fb5f58e319687b7f59c4c70abb3440cf78a5773ec11ee16d4': {'variant_file': 'sample_21a9Fu8ndGQY_results/generations/sample_21/sample_21.py-a531e1c3de38504fb5f58e319687b7f59c4c70abb3440cf78a5773ec11ee16d4', 'applicable_rules': ['add_try_except_inside_functions', 'add_crypto', 'add_sklearn', 'add_http', 'add_scipy', 'add_base64', 'add_dateutil'], 'applied_rules': ['add_decorator', 'add_datetime', 'add_time', 'add_try_except_inside_functions'], 'complexity': {'File': 'sample_21a9Fu8ndGQY_results/generations/sample_21/sample_21.py-a531e1c3de38504fb5f58e319687b7f59c4c70abb3440cf78a5773ec11ee16d4', 'Base complexity': 5, 'Predicates with operators': 0, 'Nested levels': 0, 'Complex code structures': 3, 'Third-Party calls': 2, 'Inter_dependencies': 0, 'Intra_dependencies': 0, 'Log': 'tmp/sample_21a9Fu8ndGQY_results_generations_sample_21_sample_21.py-a531e1c3de38504fb5f58e319687b7f59c4c70abb3440cf78a5773ec11ee16d4.log'}, 'readability': {'num_tokens': 71, 'lines_of_code': 17, 'num_conditions': 0, 'num_loops': 0, 'num_assignments': 2, 'num_max_nested_loop': 0, 'num_max_nested_if': 0, 'num_max_conditions_in_if': 0, 'max_line_tokens': 11, 'num_of_variables': 2, 'num_of_arrays': 1, 'num_of_operators': 0, 'num_of_nested_casting': 0, 'entropy': 4.570325070386123}, 'relevant_distance_readability': 0.9137, 'relevant_distance_complexity': 0.0406}, 'sample_21a9Fu8ndGQY_results/generations/sample_21/sample_21.py-7fe9f3d90a51531b9240605459f8db4502e54773731509caf00ef8455418d9ac': {'variant_file': 'sample_21a9Fu8ndGQY_results/generations/sample_21/sample_21.py-7fe9f3d90a51531b9240605459f8db4502e54773731509caf00ef8455418d9ac', 'applicable_rules': ['add_try_except_inside_functions', 'add_sklearn', 'add_http', 'add_scipy', 'add_base64', 'add_dateutil'], 'applied_rules': ['add_decorator', 'add_datetime', 'add_time', 'add_crypto'], 'complexity': {'File': 'sample_21a9Fu8ndGQY_results/generations/sample_21/sample_21.py-7fe9f3d90a51531b9240605459f8db4502e54773731509caf00ef8455418d9ac', 'Base complexity': 3, 'Predicates with operators': 0, 'Nested levels': 0, 'Complex code structures': 3, 'Third-Party calls': 3, 'Inter_dependencies': 0, 'Intra_dependencies': 0, 'Log': 'tmp/sample_21a9Fu8ndGQY_results_generations_sample_21_sample_21.py-7fe9f3d90a51531b9240605459f8db4502e54773731509caf00ef8455418d9ac.log'}, 'readability': {'num_tokens': 73, 'lines_of_code': 16, 'num_conditions': 0, 'num_loops': 0, 'num_assignments': 2, 'num_max_nested_loop': 0, 'num_max_nested_if': 0, 'num_max_conditions_in_if': 0, 'max_line_tokens': 11, 'num_of_variables': 2, 'num_of_arrays': 1, 'num_of_operators': 0, 'num_of_nested_casting': 0, 'entropy': 4.585745791163999}, 'relevant_distance_readability': 0.9137, 'relevant_distance_complexity': 0.0442}, 'sample_21a9Fu8ndGQY_results/generations/sample_21/sample_21.py-88b17522f2d1ee0500b5afc42e6fdcdcb31947922e3c4e40cc92fb70d49c4254': {'variant_file': 'sample_21a9Fu8ndGQY_results/generations/sample_21/sample_21.py-88b17522f2d1ee0500b5afc42e6fdcdcb31947922e3c4e40cc92fb70d49c4254', 'applicable_rules': ['add_try_except_inside_functions', 'add_crypto', 'add_http', 'add_scipy', 'add_base64', 'add_dateutil'], 'applied_rules': ['add_decorator', 'add_datetime', 'add_time', 'add_sklearn'], 'complexity': {'File': 'sample_21a9Fu8ndGQY_results/generations/sample_21/sample_21.py-88b17522f2d1ee0500b5afc42e6fdcdcb31947922e3c4e40cc92fb70d49c4254', 'Base complexity': 3, 'Predicates with operators': 0, 'Nested levels': 0, 'Complex code structures': 4, 'Third-Party calls': 3, 'Inter_dependencies': 0, 'Intra_dependencies': 0, 'Log': 'tmp/sample_21a9Fu8ndGQY_results_generations_sample_21_sample_21.py-88b17522f2d1ee0500b5afc42e6fdcdcb31947922e3c4e40cc92fb70d49c4254.log'}, 'readability': {'num_tokens': 80, 'lines_of_code': 16, 'num_conditions': 0, 'num_loops': 0, 'num_assignments': 2, 'num_max_nested_loop': 0, 'num_max_nested_if': 0, 'num_max_conditions_in_if': 0, 'max_line_tokens': 11, 'num_of_variables': 2, 'num_of_arrays': 2, 'num_of_operators': 0, 'num_of_nested_casting': 0, 'entropy': 4.697521807193078}, 'relevant_distance_readability': 0.907, 'relevant_distance_complexity': 0.0489}, 'sample_21a9Fu8ndGQY_results/generations/sample_21/sample_21.py-7c2c89505c884553befd13c791d8488fa033c278bd42fa0bab6cc27d7ba51664': {'variant_file': 'sample_21a9Fu8ndGQY_results/generations/sample_21/sample_21.py-7c2c89505c884553befd13c791d8488fa033c278bd42fa0bab6cc27d7ba51664', 'applicable_rules': ['add_try_except_inside_functions', 'add_crypto', 'add_sklearn', 'add_scipy', 'add_base64', 'add_dateutil'], 'applied_rules': ['add_decorator', 'add_datetime', 'add_time', 'add_http'], 'complexity': {'File': 'sample_21a9Fu8ndGQY_results/generations/sample_21/sample_21.py-7c2c89505c884553befd13c791d8488fa033c278bd42fa0bab6cc27d7ba51664', 'Base complexity': 3, 'Predicates with operators': 0, 'Nested levels': 0, 'Complex code structures': 3, 'Third-Party calls': 3, 'Inter_dependencies': 0, 'Intra_dependencies': 0, 'Log': 'tmp/sample_21a9Fu8ndGQY_results_generations_sample_21_sample_21.py-7c2c89505c884553befd13c791d8488fa033c278bd42fa0bab6cc27d7ba51664.log'}, 'readability': {'num_tokens': 77, 'lines_of_code': 16, 'num_conditions': 0, 'num_loops': 0, 'num_assignments': 2, 'num_max_nested_loop': 0, 'num_max_nested_if': 0, 'num_max_conditions_in_if': 0, 'max_line_tokens': 11, 'num_of_variables': 2, 'num_of_arrays': 1, 'num_of_operators': 0, 'num_of_nested_casting': 0, 'entropy': 4.677918196005215}, 'relevant_distance_readability': 0.9127, 'relevant_distance_complexity': 0.0442}, 'sample_21a9Fu8ndGQY_results/generations/sample_21/sample_21.py-abe87c2106dcc97c10f2c0da0bc69283765967ff3cbdd7d8b0ec3d285b27ee03': {'variant_file': 'sample_21a9Fu8ndGQY_results/generations/sample_21/sample_21.py-abe87c2106dcc97c10f2c0da0bc69283765967ff3cbdd7d8b0ec3d285b27ee03', 'applicable_rules': ['add_try_except_inside_functions', 'add_crypto', 'add_sklearn', 'add_http', 'add_base64', 'add_dateutil'], 'applied_rules': ['add_decorator', 'add_datetime', 'add_time', 'add_scipy'], 'complexity': {'File': 'sample_21a9Fu8ndGQY_results/generations/sample_21/sample_21.py-abe87c2106dcc97c10f2c0da0bc69283765967ff3cbdd7d8b0ec3d285b27ee03', 'Base complexity': 3, 'Predicates with operators': 0, 'Nested levels': 0, 'Complex code structures': 5, 'Third-Party calls': 3, 'Inter_dependencies': 0, 'Intra_dependencies': 0, 'Log': 'tmp/sample_21a9Fu8ndGQY_results_generations_sample_21_sample_21.py-abe87c2106dcc97c10f2c0da0bc69283765967ff3cbdd7d8b0ec3d285b27ee03.log'}, 'readability': {'num_tokens': 88, 'lines_of_code': 16, 'num_conditions': 0, 'num_loops': 0, 'num_assignments': 2, 'num_max_nested_loop': 0, 'num_max_nested_if': 0, 'num_max_conditions_in_if': 0, 'max_line_tokens': 18, 'num_of_variables': 2, 'num_of_arrays': 3, 'num_of_operators': 0, 'num_of_nested_casting': 0, 'entropy': 4.779288010166471}, 'relevant_distance_readability': 0.8844, 'relevant_distance_complexity': 0.0536}, 'sample_21a9Fu8ndGQY_results/generations/sample_21/sample_21.py-a3ef01f28b12d8d12ce7d2eeac06f0ecbb58a92485c884e83f25b2dcad958994': {'variant_file': 'sample_21a9Fu8ndGQY_results/generations/sample_21/sample_21.py-a3ef01f28b12d8d12ce7d2eeac06f0ecbb58a92485c884e83f25b2dcad958994', 'applicable_rules': ['add_try_except_inside_functions', 'add_crypto', 'add_sklearn', 'add_http', 'add_scipy', 'add_dateutil'], 'applied_rules': ['add_decorator', 'add_datetime', 'add_time', 'add_base64'], 'complexity': {'File': 'sample_21a9Fu8ndGQY_results/generations/sample_21/sample_21.py-a3ef01f28b12d8d12ce7d2eeac06f0ecbb58a92485c884e83f25b2dcad958994', 'Base complexity': 3, 'Predicates with operators': 0, 'Nested levels': 0, 'Complex code structures': 3, 'Third-Party calls': 3, 'Inter_dependencies': 0, 'Intra_dependencies': 0, 'Log': 'tmp/sample_21a9Fu8ndGQY_results_generations_sample_21_sample_21.py-a3ef01f28b12d8d12ce7d2eeac06f0ecbb58a92485c884e83f25b2dcad958994.log'}, 'readability': {'num_tokens': 73, 'lines_of_code': 16, 'num_conditions': 0, 'num_loops': 0, 'num_assignments': 2, 'num_max_nested_loop': 0, 'num_max_nested_if': 0, 'num_max_conditions_in_if': 0, 'max_line_tokens': 11, 'num_of_variables': 2, 'num_of_arrays': 1, 'num_of_operators': 0, 'num_of_nested_casting': 0, 'entropy': 4.585745791163999}, 'relevant_distance_readability': 0.9137, 'relevant_distance_complexity': 0.0442}, 'sample_21a9Fu8ndGQY_results/generations/sample_21/sample_21.py-196e18cba0150fda063c53f8fdeb742c58f7750ab9baac97af63918e3e0628ef': {'variant_file': 'sample_21a9Fu8ndGQY_results/generations/sample_21/sample_21.py-196e18cba0150fda063c53f8fdeb742c58f7750ab9baac97af63918e3e0628ef', 'applicable_rules': ['add_try_except_inside_functions', 'add_crypto', 'add_sklearn', 'add_http', 'add_scipy', 'add_base64'], 'applied_rules': ['add_decorator', 'add_datetime', 'add_time', 'add_dateutil'], 'complexity': {'File': 'sample_21a9Fu8ndGQY_results/generations/sample_21/sample_21.py-196e18cba0150fda063c53f8fdeb742c58f7750ab9baac97af63918e3e0628ef', 'Base complexity': 3, 'Predicates with operators': 0, 'Nested levels': 0, 'Complex code structures': 3, 'Third-Party calls': 3, 'Inter_dependencies': 0, 'Intra_dependencies': 0, 'Log': 'tmp/sample_21a9Fu8ndGQY_results_generations_sample_21_sample_21.py-196e18cba0150fda063c53f8fdeb742c58f7750ab9baac97af63918e3e0628ef.log'}, 'readability': {'num_tokens': 76, 'lines_of_code': 16, 'num_conditions': 0, 'num_loops': 0, 'num_assignments': 2, 'num_max_nested_loop': 0, 'num_max_nested_if': 0, 'num_max_conditions_in_if': 0, 'max_line_tokens': 11, 'num_of_variables': 2, 'num_of_arrays': 1, 'num_of_operators': 0, 'num_of_nested_casting': 0, 'entropy': 4.680851854979515}, 'relevant_distance_readability': 0.9127, 'relevant_distance_complexity': 0.0442}}, 5: {'sample_21a9Fu8ndGQY_results/generations/sample_21/sample_21.py-3eb573662ba7b6d49a4c65658a3a80eb9efd277b4c36cfd14da9918c7e1e5193': {'variant_file': 'sample_21a9Fu8ndGQY_results/generations/sample_21/sample_21.py-3eb573662ba7b6d49a4c65658a3a80eb9efd277b4c36cfd14da9918c7e1e5193', 'applicable_rules': ['add_try_except_inside_functions', 'add_time', 'add_crypto', 'add_http', 'add_base64', 'add_dateutil'], 'applied_rules': ['add_scipy', 'add_decorator', 'add_sklearn', 'change_var_names', 'add_datetime', 'change_var_names', 'add_try_except_inside_functions'], 'complexity': {'File': 'sample_21a9Fu8ndGQY_results/generations/sample_21/sample_21.py-3eb573662ba7b6d49a4c65658a3a80eb9efd277b4c36cfd14da9918c7e1e5193', 'Base complexity': 5, 'Predicates with operators': 0, 'Nested levels': 0, 'Complex code structures': 6, 'Third-Party calls': 3, 'Inter_dependencies': 0, 'Intra_dependencies': 0, 'Log': 'tmp/sample_21a9Fu8ndGQY_results_generations_sample_21_sample_21.py-3eb573662ba7b6d49a4c65658a3a80eb9efd277b4c36cfd14da9918c7e1e5193.log'}, 'readability': {'num_tokens': 101, 'lines_of_code': 19, 'num_conditions': 0, 'num_loops': 0, 'num_assignments': 2, 'num_max_nested_loop': 0, 'num_max_nested_if': 0, 'num_max_conditions_in_if': 0, 'max_line_tokens': 18, 'num_of_variables': 2, 'num_of_arrays': 4, 'num_of_operators': 0, 'num_of_nested_casting': 0, 'entropy': 4.9115095375809705}, 'relevant_distance_readability': 0.8768, 'relevant_distance_complexity': 0.0626}, 'sample_21a9Fu8ndGQY_results/generations/sample_21/sample_21.py-e15cbe04d595e4993731bac99a2e8a82d9dd2a3aaba61cb56a5dca085b471a77': {'variant_file': 'sample_21a9Fu8ndGQY_results/generations/sample_21/sample_21.py-e15cbe04d595e4993731bac99a2e8a82d9dd2a3aaba61cb56a5dca085b471a77', 'applicable_rules': ['add_try_except_inside_functions', 'add_crypto', 'add_http', 'add_base64', 'add_dateutil'], 'applied_rules': ['add_scipy', 'add_decorator', 'add_sklearn', 'change_var_names', 'add_datetime', 'change_var_names', 'add_time'], 'complexity': {'File': 'sample_21a9Fu8ndGQY_results/generations/sample_21/sample_21.py-e15cbe04d595e4993731bac99a2e8a82d9dd2a3aaba61cb56a5dca085b471a77', 'Base complexity': 3, 'Predicates with operators': 0, 'Nested levels': 0, 'Complex code structures': 6, 'Third-Party calls': 4, 'Inter_dependencies': 0, 'Intra_dependencies': 0, 'Log': 'tmp/sample_21a9Fu8ndGQY_results_generations_sample_21_sample_21.py-e15cbe04d595e4993731bac99a2e8a82d9dd2a3aaba61cb56a5dca085b471a77.log'}, 'readability': {'num_tokens': 102, 'lines_of_code': 18, 'num_conditions': 0, 'num_loops': 0, 'num_assignments': 2, 'num_max_nested_loop': 0, 'num_max_nested_if': 0, 'num_max_conditions_in_if': 0, 'max_line_tokens': 18, 'num_of_variables': 2, 'num_of_arrays': 4, 'num_of_operators': 0, 'num_of_nested_casting': 0, 'entropy': 4.886276637465597}, 'relevant_distance_readability': 0.8773, 'relevant_distance_complexity': 0.0662}, 'sample_21a9Fu8ndGQY_results/generations/sample_21/sample_21.py-947d0ceaea80fc82bc3ccd5bb05c459b5a3f6f1d4b7e4c80ca2008facb39b7c9': {'variant_file': 'sample_21a9Fu8ndGQY_results/generations/sample_21/sample_21.py-947d0ceaea80fc82bc3ccd5bb05c459b5a3f6f1d4b7e4c80ca2008facb39b7c9', 'applicable_rules': ['add_try_except_inside_functions', 'add_time', 'add_http', 'add_base64', 'add_dateutil'], 'applied_rules': ['add_scipy', 'add_decorator', 'add_sklearn', 'change_var_names', 'add_datetime', 'change_var_names', 'add_crypto'], 'complexity': {'File': 'sample_21a9Fu8ndGQY_results/generations/sample_21/sample_21.py-947d0ceaea80fc82bc3ccd5bb05c459b5a3f6f1d4b7e4c80ca2008facb39b7c9', 'Base complexity': 3, 'Predicates with operators': 0, 'Nested levels': 0, 'Complex code structures': 6, 'Third-Party calls': 4, 'Inter_dependencies': 0, 'Intra_dependencies': 0, 'Log': 'tmp/sample_21a9Fu8ndGQY_results_generations_sample_21_sample_21.py-947d0ceaea80fc82bc3ccd5bb05c459b5a3f6f1d4b7e4c80ca2008facb39b7c9.log'}, 'readability': {'num_tokens': 103, 'lines_of_code': 18, 'num_conditions': 0, 'num_loops': 0, 'num_assignments': 2, 'num_max_nested_loop': 0, 'num_max_nested_if': 0, 'num_max_conditions_in_if': 0, 'max_line_tokens': 18, 'num_of_variables': 2, 'num_of_arrays': 4, 'num_of_operators': 0, 'num_of_nested_casting': 0, 'entropy': 4.890946591632105}, 'relevant_distance_readability': 0.8772, 'relevant_distance_complexity': 0.0662}, 'sample_21a9Fu8ndGQY_results/generations/sample_21/sample_21.py-1c14c30051347624c914a9e7db21c69ea35fabab966050d136a835e0d18ca59d': {'variant_file': 'sample_21a9Fu8ndGQY_results/generations/sample_21/sample_21.py-1c14c30051347624c914a9e7db21c69ea35fabab966050d136a835e0d18ca59d', 'applicable_rules': ['add_try_except_inside_functions', 'add_time', 'add_crypto', 'add_base64', 'add_dateutil'], 'applied_rules': ['add_scipy', 'add_decorator', 'add_sklearn', 'change_var_names', 'add_datetime', 'change_var_names', 'add_http'], 'complexity': {'File': 'sample_21a9Fu8ndGQY_results/generations/sample_21/sample_21.py-1c14c30051347624c914a9e7db21c69ea35fabab966050d136a835e0d18ca59d', 'Base complexity': 3, 'Predicates with operators': 0, 'Nested levels': 0, 'Complex code structures': 6, 'Third-Party calls': 4, 'Inter_dependencies': 0, 'Intra_dependencies': 0, 'Log': 'tmp/sample_21a9Fu8ndGQY_results_generations_sample_21_sample_21.py-1c14c30051347624c914a9e7db21c69ea35fabab966050d136a835e0d18ca59d.log'}, 'readability': {'num_tokens': 107, 'lines_of_code': 18, 'num_conditions': 0, 'num_loops': 0, 'num_assignments': 2, 'num_max_nested_loop': 0, 'num_max_nested_if': 0, 'num_max_conditions_in_if': 0, 'max_line_tokens': 18, 'num_of_variables': 2, 'num_of_arrays': 4, 'num_of_operators': 0, 'num_of_nested_casting': 0, 'entropy': 4.949163040439445}, 'relevant_distance_readability': 0.8766, 'relevant_distance_complexity': 0.0662}, 'sample_21a9Fu8ndGQY_results/generations/sample_21/sample_21.py-d5c277e94a31621d4f2388daddceded001211a2ef838d9e33bfdf59122149549': {'variant_file': 'sample_21a9Fu8ndGQY_results/generations/sample_21/sample_21.py-d5c277e94a31621d4f2388daddceded001211a2ef838d9e33bfdf59122149549', 'applicable_rules': ['add_try_except_inside_functions', 'add_time', 'add_crypto', 'add_http', 'add_dateutil'], 'applied_rules': ['add_scipy', 'add_decorator', 'add_sklearn', 'change_var_names', 'add_datetime', 'change_var_names', 'add_base64'], 'complexity': {'File': 'sample_21a9Fu8ndGQY_results/generations/sample_21/sample_21.py-d5c277e94a31621d4f2388daddceded001211a2ef838d9e33bfdf59122149549', 'Base complexity': 3, 'Predicates with operators': 0, 'Nested levels': 0, 'Complex code structures': 6, 'Third-Party calls': 4, 'Inter_dependencies': 0, 'Intra_dependencies': 0, 'Log': 'tmp/sample_21a9Fu8ndGQY_results_generations_sample_21_sample_21.py-d5c277e94a31621d4f2388daddceded001211a2ef838d9e33bfdf59122149549.log'}, 'readability': {'num_tokens': 103, 'lines_of_code': 18, 'num_conditions': 0, 'num_loops': 0, 'num_assignments': 2, 'num_max_nested_loop': 0, 'num_max_nested_if': 0, 'num_max_conditions_in_if': 0, 'max_line_tokens': 18, 'num_of_variables': 2, 'num_of_arrays': 4, 'num_of_operators': 0, 'num_of_nested_casting': 0, 'entropy': 4.9176930722356325}, 'relevant_distance_readability': 0.8769, 'relevant_distance_complexity': 0.0662}, 'sample_21a9Fu8ndGQY_results/generations/sample_21/sample_21.py-71eaced588b5e5cc470f4099c02a15e03a83041ed29afc7db63a30aaa596a768': {'variant_file': 'sample_21a9Fu8ndGQY_results/generations/sample_21/sample_21.py-71eaced588b5e5cc470f4099c02a15e03a83041ed29afc7db63a30aaa596a768', 'applicable_rules': ['add_try_except_inside_functions', 'add_time', 'add_crypto', 'add_http', 'add_base64'], 'applied_rules': ['add_scipy', 'add_decorator', 'add_sklearn', 'change_var_names', 'add_datetime', 'change_var_names', 'add_dateutil'], 'complexity': {'File': 'sample_21a9Fu8ndGQY_results/generations/sample_21/sample_21.py-71eaced588b5e5cc470f4099c02a15e03a83041ed29afc7db63a30aaa596a768', 'Base complexity': 3, 'Predicates with operators': 0, 'Nested levels': 0, 'Complex code structures': 6, 'Third-Party calls': 4, 'Inter_dependencies': 0, 'Intra_dependencies': 0, 'Log': 'tmp/sample_21a9Fu8ndGQY_results_generations_sample_21_sample_21.py-71eaced588b5e5cc470f4099c02a15e03a83041ed29afc7db63a30aaa596a768.log'}, 'readability': {'num_tokens': 106, 'lines_of_code': 18, 'num_conditions': 0, 'num_loops': 0, 'num_assignments': 2, 'num_max_nested_loop': 0, 'num_max_nested_if': 0, 'num_max_conditions_in_if': 0, 'max_line_tokens': 18, 'num_of_variables': 2, 'num_of_arrays': 4, 'num_of_operators': 0, 'num_of_nested_casting': 0, 'entropy': 4.964316158697486}, 'relevant_distance_readability': 0.8764, 'relevant_distance_complexity': 0.0662}, 'sample_21a9Fu8ndGQY_results/generations/sample_21/sample_21.py-b578717de617bf172c6ef543318dbcaa2d4bc12bd041eb8f579969c664a2e59d': {'variant_file': 'sample_21a9Fu8ndGQY_results/generations/sample_21/sample_21.py-b578717de617bf172c6ef543318dbcaa2d4bc12bd041eb8f579969c664a2e59d', 'applicable_rules': ['add_try_except_inside_functions', 'add_time', 'add_crypto', 'add_http', 'add_base64', 'add_dateutil'], 'applied_rules': ['add_scipy', 'add_decorator', 'add_datetime', 'add_sklearn', 'change_var_names', 'add_try_except_inside_functions'], 'complexity': {'File': 'sample_21a9Fu8ndGQY_results/generations/sample_21/sample_21.py-b578717de617bf172c6ef543318dbcaa2d4bc12bd041eb8f579969c664a2e59d', 'Base complexity': 5, 'Predicates with operators': 0, 'Nested levels': 0, 'Complex code structures': 6, 'Third-Party calls': 3, 'Inter_dependencies': 0, 'Intra_dependencies': 0, 'Log': 'tmp/sample_21a9Fu8ndGQY_results_generations_sample_21_sample_21.py-b578717de617bf172c6ef543318dbcaa2d4bc12bd041eb8f579969c664a2e59d.log'}, 'readability': {'num_tokens': 101, 'lines_of_code': 19, 'num_conditions': 0, 'num_loops': 0, 'num_assignments': 2, 'num_max_nested_loop': 0, 'num_max_nested_if': 0, 'num_max_conditions_in_if': 0, 'max_line_tokens': 18, 'num_of_variables': 2, 'num_of_arrays': 4, 'num_of_operators': 0, 'num_of_nested_casting': 0, 'entropy': 4.93131151777899}, 'relevant_distance_readability': 0.8766, 'relevant_distance_complexity': 0.0626}, 'sample_21a9Fu8ndGQY_results/generations/sample_21/sample_21.py-256a867009efff7d86e2937532e01dafe778d0233b6b31b9da005ad171e7427f': {'variant_file': 'sample_21a9Fu8ndGQY_results/generations/sample_21/sample_21.py-256a867009efff7d86e2937532e01dafe778d0233b6b31b9da005ad171e7427f', 'applicable_rules': ['add_try_except_inside_functions', 'add_time', 'add_http', 'add_base64', 'add_dateutil'], 'applied_rules': ['add_scipy', 'add_decorator', 'add_datetime', 'add_sklearn', 'change_var_names', 'add_crypto'], 'complexity': {'File': 'sample_21a9Fu8ndGQY_results/generations/sample_21/sample_21.py-256a867009efff7d86e2937532e01dafe778d0233b6b31b9da005ad171e7427f', 'Base complexity': 3, 'Predicates with operators': 0, 'Nested levels': 0, 'Complex code structures': 6, 'Third-Party calls': 4, 'Inter_dependencies': 0, 'Intra_dependencies': 0, 'Log': 'tmp/sample_21a9Fu8ndGQY_results_generations_sample_21_sample_21.py-256a867009efff7d86e2937532e01dafe778d0233b6b31b9da005ad171e7427f.log'}, 'readability': {'num_tokens': 103, 'lines_of_code': 18, 'num_conditions': 0, 'num_loops': 0, 'num_assignments': 2, 'num_max_nested_loop': 0, 'num_max_nested_if': 0, 'num_max_conditions_in_if': 0, 'max_line_tokens': 18, 'num_of_variables': 2, 'num_of_arrays': 4, 'num_of_operators': 0, 'num_of_nested_casting': 0, 'entropy': 4.91036406736026}, 'relevant_distance_readability': 0.877, 'relevant_distance_complexity': 0.0662}, 'sample_21a9Fu8ndGQY_results/generations/sample_21/sample_21.py-4c177c1c4c61904b8ae6a28db99422c3e4c814bf3e90fa4f69854b0639bd5eea': {'variant_file': 'sample_21a9Fu8ndGQY_results/generations/sample_21/sample_21.py-4c177c1c4c61904b8ae6a28db99422c3e4c814bf3e90fa4f69854b0639bd5eea', 'applicable_rules': ['add_try_except_inside_functions', 'add_time', 'add_crypto', 'add_base64', 'add_dateutil'], 'applied_rules': ['add_scipy', 'add_decorator', 'add_datetime', 'add_sklearn', 'change_var_names', 'add_http'], 'complexity': {'File': 'sample_21a9Fu8ndGQY_results/generations/sample_21/sample_21.py-4c177c1c4c61904b8ae6a28db99422c3e4c814bf3e90fa4f69854b0639bd5eea', 'Base complexity': 3, 'Predicates with operators': 0, 'Nested levels': 0, 'Complex code structures': 6, 'Third-Party calls': 4, 'Inter_dependencies': 0, 'Intra_dependencies': 0, 'Log': 'tmp/sample_21a9Fu8ndGQY_results_generations_sample_21_sample_21.py-4c177c1c4c61904b8ae6a28db99422c3e4c814bf3e90fa4f69854b0639bd5eea.log'}, 'readability': {'num_tokens': 107, 'lines_of_code': 18, 'num_conditions': 0, 'num_loops': 0, 'num_assignments': 2, 'num_max_nested_loop': 0, 'num_max_nested_if': 0, 'num_max_conditions_in_if': 0, 'max_line_tokens': 18, 'num_of_variables': 2, 'num_of_arrays': 4, 'num_of_operators': 0, 'num_of_nested_casting': 0, 'entropy': 4.967854629224492}, 'relevant_distance_readability': 0.8764, 'relevant_distance_complexity': 0.0662}, 'sample_21a9Fu8ndGQY_results/generations/sample_21/sample_21.py-79cb814a1d1031508fff747843fe4e3ff06d5f08e8d65674d5340da929ec62a9': {'variant_file': 'sample_21a9Fu8ndGQY_results/generations/sample_21/sample_21.py-79cb814a1d1031508fff747843fe4e3ff06d5f08e8d65674d5340da929ec62a9', 'applicable_rules': ['add_try_except_inside_functions', 'add_time', 'add_crypto', 'add_http', 'add_base64'], 'applied_rules': ['add_scipy', 'add_decorator', 'add_datetime', 'add_sklearn', 'change_var_names', 'add_dateutil'], 'complexity': {'File': 'sample_21a9Fu8ndGQY_results/generations/sample_21/sample_21.py-79cb814a1d1031508fff747843fe4e3ff06d5f08e8d65674d5340da929ec62a9', 'Base complexity': 3, 'Predicates with operators': 0, 'Nested levels': 0, 'Complex code structures': 6, 'Third-Party calls': 4, 'Inter_dependencies': 0, 'Intra_dependencies': 0, 'Log': 'tmp/sample_21a9Fu8ndGQY_results_generations_sample_21_sample_21.py-79cb814a1d1031508fff747843fe4e3ff06d5f08e8d65674d5340da929ec62a9.log'}, 'readability': {'num_tokens': 106, 'lines_of_code': 18, 'num_conditions': 0, 'num_loops': 0, 'num_assignments': 2, 'num_max_nested_loop': 0, 'num_max_nested_if': 0, 'num_max_conditions_in_if': 0, 'max_line_tokens': 18, 'num_of_variables': 2, 'num_of_arrays': 4, 'num_of_operators': 0, 'num_of_nested_casting': 0, 'entropy': 4.983184083225788}, 'relevant_distance_readability': 0.8762, 'relevant_distance_complexity': 0.0662}, 'sample_21a9Fu8ndGQY_results/generations/sample_21/sample_21.py-0a90aba53364ba3cf5703f1d932425f10953555493f072cb718254a18677ee10': {'variant_file': 'sample_21a9Fu8ndGQY_results/generations/sample_21/sample_21.py-0a90aba53364ba3cf5703f1d932425f10953555493f072cb718254a18677ee10', 'applicable_rules': ['add_try_except_inside_functions', 'add_crypto', 'add_sklearn', 'add_http', 'add_base64', 'add_dateutil'], 'applied_rules': ['add_scipy', 'add_datetime', 'change_var_names', 'add_decorator', 'change_var_names', 'add_time', 'add_try_except_inside_functions'], 'complexity': {'File': 'sample_21a9Fu8ndGQY_results/generations/sample_21/sample_21.py-0a90aba53364ba3cf5703f1d932425f10953555493f072cb718254a18677ee10', 'Base complexity': 5, 'Predicates with operators': 0, 'Nested levels': 0, 'Complex code structures': 5, 'Third-Party calls': 3, 'Inter_dependencies': 0, 'Intra_dependencies': 0, 'Log': 'tmp/sample_21a9Fu8ndGQY_results_generations_sample_21_sample_21.py-0a90aba53364ba3cf5703f1d932425f10953555493f072cb718254a18677ee10.log'}, 'readability': {'num_tokens': 93, 'lines_of_code': 19, 'num_conditions': 0, 'num_loops': 0, 'num_assignments': 2, 'num_max_nested_loop': 0, 'num_max_nested_if': 0, 'num_max_conditions_in_if': 0, 'max_line_tokens': 18, 'num_of_variables': 2, 'num_of_arrays': 3, 'num_of_operators': 0, 'num_of_nested_casting': 0, 'entropy': 4.875638482960656}, 'relevant_distance_readability': 0.8828, 'relevant_distance_complexity': 0.0579}, 'sample_21a9Fu8ndGQY_results/generations/sample_21/sample_21.py-c72f6273763b17c46a3f18d5c26419dfd653e82ad1f06440d54f6527fac4085e': {'variant_file': 'sample_21a9Fu8ndGQY_results/generations/sample_21/sample_21.py-c72f6273763b17c46a3f18d5c26419dfd653e82ad1f06440d54f6527fac4085e', 'applicable_rules': ['add_try_except_inside_functions', 'add_sklearn', 'add_http', 'add_base64', 'add_dateutil'], 'applied_rules': ['add_scipy', 'add_datetime', 'change_var_names', 'add_decorator', 'change_var_names', 'add_time', 'add_crypto'], 'complexity': {'File': 'sample_21a9Fu8ndGQY_results/generations/sample_21/sample_21.py-c72f6273763b17c46a3f18d5c26419dfd653e82ad1f06440d54f6527fac4085e', 'Base complexity': 3, 'Predicates with operators': 0, 'Nested levels': 0, 'Complex code structures': 5, 'Third-Party calls': 4, 'Inter_dependencies': 0, 'Intra_dependencies': 0, 'Log': 'tmp/sample_21a9Fu8ndGQY_results_generations_sample_21_sample_21.py-c72f6273763b17c46a3f18d5c26419dfd653e82ad1f06440d54f6527fac4085e.log'}, 'readability': {'num_tokens': 95, 'lines_of_code': 18, 'num_conditions': 0, 'num_loops': 0, 'num_assignments': 2, 'num_max_nested_loop': 0, 'num_max_nested_if': 0, 'num_max_conditions_in_if': 0, 'max_line_tokens': 18, 'num_of_variables': 2, 'num_of_arrays': 3, 'num_of_operators': 0, 'num_of_nested_casting': 0, 'entropy': 4.859564430277737}, 'relevant_distance_readability': 0.8831, 'relevant_distance_complexity': 0.0615}, 'sample_21a9Fu8ndGQY_results/generations/sample_21/sample_21.py-49f0850568031acbec23a346229e712393c33028e5524d24ee91f1b873aa601d': {'variant_file': 'sample_21a9Fu8ndGQY_results/generations/sample_21/sample_21.py-49f0850568031acbec23a346229e712393c33028e5524d24ee91f1b873aa601d', 'applicable_rules': ['add_try_except_inside_functions', 'add_crypto', 'add_sklearn', 'add_base64', 'add_dateutil'], 'applied_rules': ['add_scipy', 'add_datetime', 'change_var_names', 'add_decorator', 'change_var_names', 'add_time', 'add_http'], 'complexity': {'File': 'sample_21a9Fu8ndGQY_results/generations/sample_21/sample_21.py-49f0850568031acbec23a346229e712393c33028e5524d24ee91f1b873aa601d', 'Base complexity': 3, 'Predicates with operators': 0, 'Nested levels': 0, 'Complex code structures': 5, 'Third-Party calls': 4, 'Inter_dependencies': 0, 'Intra_dependencies': 0, 'Log': 'tmp/sample_21a9Fu8ndGQY_results_generations_sample_21_sample_21.py-49f0850568031acbec23a346229e712393c33028e5524d24ee91f1b873aa601d.log'}, 'readability': {'num_tokens': 99, 'lines_of_code': 18, 'num_conditions': 0, 'num_loops': 0, 'num_assignments': 2, 'num_max_nested_loop': 0, 'num_max_nested_if': 0, 'num_max_conditions_in_if': 0, 'max_line_tokens': 18, 'num_of_variables': 2, 'num_of_arrays': 3, 'num_of_operators': 0, 'num_of_nested_casting': 0, 'entropy': 4.922215337978241}, 'relevant_distance_readability': 0.8824, 'relevant_distance_complexity': 0.0615}, 'sample_21a9Fu8ndGQY_results/generations/sample_21/sample_21.py-8d96012b5e66c46a397ec6b058a5d9ae9851364177d728d61231e6945f88c47d': {'variant_file': 'sample_21a9Fu8ndGQY_results/generations/sample_21/sample_21.py-8d96012b5e66c46a397ec6b058a5d9ae9851364177d728d61231e6945f88c47d', 'applicable_rules': ['add_try_except_inside_functions', 'add_crypto', 'add_sklearn', 'add_http', 'add_dateutil'], 'applied_rules': ['add_scipy', 'add_datetime', 'change_var_names', 'add_decorator', 'change_var_names', 'add_time', 'add_base64'], 'complexity': {'File': 'sample_21a9Fu8ndGQY_results/generations/sample_21/sample_21.py-8d96012b5e66c46a397ec6b058a5d9ae9851364177d728d61231e6945f88c47d', 'Base complexity': 3, 'Predicates with operators': 0, 'Nested levels': 0, 'Complex code structures': 5, 'Third-Party calls': 4, 'Inter_dependencies': 0, 'Intra_dependencies': 0, 'Log': 'tmp/sample_21a9Fu8ndGQY_results_generations_sample_21_sample_21.py-8d96012b5e66c46a397ec6b058a5d9ae9851364177d728d61231e6945f88c47d.log'}, 'readability': {'num_tokens': 95, 'lines_of_code': 18, 'num_conditions': 0, 'num_loops': 0, 'num_assignments': 2, 'num_max_nested_loop': 0, 'num_max_nested_if': 0, 'num_max_conditions_in_if': 0, 'max_line_tokens': 18, 'num_of_variables': 2, 'num_of_arrays': 3, 'num_of_operators': 0, 'num_of_nested_casting': 0, 'entropy': 4.880617061856684}, 'relevant_distance_readability': 0.8829, 'relevant_distance_complexity': 0.0615}, 'sample_21a9Fu8ndGQY_results/generations/sample_21/sample_21.py-a1faa99af38186a2036c6a1b1ac0678346b2e3a250430902fc634e33629ad7d5': {'variant_file': 'sample_21a9Fu8ndGQY_results/generations/sample_21/sample_21.py-a1faa99af38186a2036c6a1b1ac0678346b2e3a250430902fc634e33629ad7d5', 'applicable_rules': ['add_try_except_inside_functions', 'add_crypto', 'add_sklearn', 'add_http', 'add_base64'], 'applied_rules': ['add_scipy', 'add_datetime', 'change_var_names', 'add_decorator', 'change_var_names', 'add_time', 'add_dateutil'], 'complexity': {'File': 'sample_21a9Fu8ndGQY_results/generations/sample_21/sample_21.py-a1faa99af38186a2036c6a1b1ac0678346b2e3a250430902fc634e33629ad7d5', 'Base complexity': 3, 'Predicates with operators': 0, 'Nested levels': 0, 'Complex code structures': 5, 'Third-Party calls': 4, 'Inter_dependencies': 0, 'Intra_dependencies': 0, 'Log': 'tmp/sample_21a9Fu8ndGQY_results_generations_sample_21_sample_21.py-a1faa99af38186a2036c6a1b1ac0678346b2e3a250430902fc634e33629ad7d5.log'}, 'readability': {'num_tokens': 98, 'lines_of_code': 18, 'num_conditions': 0, 'num_loops': 0, 'num_assignments': 2, 'num_max_nested_loop': 0, 'num_max_nested_if': 0, 'num_max_conditions_in_if': 0, 'max_line_tokens': 18, 'num_of_variables': 2, 'num_of_arrays': 3, 'num_of_operators': 0, 'num_of_nested_casting': 0, 'entropy': 4.936366355186078}, 'relevant_distance_readability': 0.8823, 'relevant_distance_complexity': 0.0615}, 'sample_21a9Fu8ndGQY_results/generations/sample_21/sample_21.py-8b57c972931c2ffaed804a6187ab8d8577740e5216d5eda212c86be1bd1e53bf': {'variant_file': 'sample_21a9Fu8ndGQY_results/generations/sample_21/sample_21.py-8b57c972931c2ffaed804a6187ab8d8577740e5216d5eda212c86be1bd1e53bf', 'applicable_rules': ['transform_function_to_class', 'add_decorator', 'add_crypto', 'add_http', 'add_base64', 'add_dateutil'], 'applied_rules': ['add_scipy', 'add_datetime', 'change_var_names', 'add_sklearn', 'add_time', 'add_try_except_inside_functions'], 'complexity': {'File': 'sample_21a9Fu8ndGQY_results/generations/sample_21/sample_21.py-8b57c972931c2ffaed804a6187ab8d8577740e5216d5eda212c86be1bd1e53bf', 'Base complexity': 3, 'Predicates with operators': 0, 'Nested levels': 0, 'Complex code structures': 4, 'Third-Party calls': 4, 'Inter_dependencies': 0, 'Intra_dependencies': 0, 'Log': 'tmp/sample_21a9Fu8ndGQY_results_generations_sample_21_sample_21.py-8b57c972931c2ffaed804a6187ab8d8577740e5216d5eda212c86be1bd1e53bf.log'}, 'readability': {'num_tokens': 73, 'lines_of_code': 15, 'num_conditions': 0, 'num_loops': 0, 'num_assignments': 1, 'num_max_nested_loop': 0, 'num_max_nested_if': 0, 'num_max_conditions_in_if': 0, 'max_line_tokens': 18, 'num_of_variables': 1, 'num_of_arrays': 4, 'num_of_operators': 0, 'num_of_nested_casting': 0, 'entropy': 4.699239025823399}, 'relevant_distance_readability': 0.8825, 'relevant_distance_complexity': 0.0568}, 'sample_21a9Fu8ndGQY_results/generations/sample_21/sample_21.py-4c9c1aeba1dec595d3cc0abaaaa019987d7b6eef92d458c4e7cfa7b501c84664': {'variant_file': 'sample_21a9Fu8ndGQY_results/generations/sample_21/sample_21.py-4c9c1aeba1dec595d3cc0abaaaa019987d7b6eef92d458c4e7cfa7b501c84664', 'applicable_rules': ['add_try_except_inside_functions', 'add_crypto', 'add_http', 'add_base64', 'add_dateutil'], 'applied_rules': ['add_scipy', 'add_datetime', 'change_var_names', 'add_sklearn', 'add_time', 'add_decorator'], 'complexity': {'File': 'sample_21a9Fu8ndGQY_results/generations/sample_21/sample_21.py-4c9c1aeba1dec595d3cc0abaaaa019987d7b6eef92d458c4e7cfa7b501c84664', 'Base complexity': 3, 'Predicates with operators': 0, 'Nested levels': 0, 'Complex code structures': 6, 'Third-Party calls': 4, 'Inter_dependencies': 0, 'Intra_dependencies': 0, 'Log': 'tmp/sample_21a9Fu8ndGQY_results_generations_sample_21_sample_21.py-4c9c1aeba1dec595d3cc0abaaaa019987d7b6eef92d458c4e7cfa7b501c84664.log'}, 'readability': {'num_tokens': 102, 'lines_of_code': 18, 'num_conditions': 0, 'num_loops': 0, 'num_assignments': 2, 'num_max_nested_loop': 0, 'num_max_nested_if': 0, 'num_max_conditions_in_if': 0, 'max_line_tokens': 18, 'num_of_variables': 2, 'num_of_arrays': 4, 'num_of_operators': 0, 'num_of_nested_casting': 0, 'entropy': 4.866668794328343}, 'relevant_distance_readability': 0.8775, 'relevant_distance_complexity': 0.0662}, 'sample_21a9Fu8ndGQY_results/generations/sample_21/sample_21.py-d7fa6c8906e4dd962f75515071e9cc3dfe8846ed8ee83e76cbd15fe5368aae54': {'variant_file': 'sample_21a9Fu8ndGQY_results/generations/sample_21/sample_21.py-d7fa6c8906e4dd962f75515071e9cc3dfe8846ed8ee83e76cbd15fe5368aae54', 'applicable_rules': ['add_try_except_inside_functions', 'transform_function_to_class', 'add_decorator', 'add_http', 'add_base64', 'add_dateutil'], 'applied_rules': ['add_scipy', 'add_datetime', 'change_var_names', 'add_sklearn', 'add_time', 'add_crypto'], 'complexity': {'File': 'sample_21a9Fu8ndGQY_results/generations/sample_21/sample_21.py-d7fa6c8906e4dd962f75515071e9cc3dfe8846ed8ee83e76cbd15fe5368aae54', 'Base complexity': 1, 'Predicates with operators': 0, 'Nested levels': 0, 'Complex code structures': 4, 'Third-Party calls': 5, 'Inter_dependencies': 0, 'Intra_dependencies': 0, 'Log': 'tmp/sample_21a9Fu8ndGQY_results_generations_sample_21_sample_21.py-d7fa6c8906e4dd962f75515071e9cc3dfe8846ed8ee83e76cbd15fe5368aae54.log'}, 'readability': {'num_tokens': 75, 'lines_of_code': 14, 'num_conditions': 0, 'num_loops': 0, 'num_assignments': 1, 'num_max_nested_loop': 0, 'num_max_nested_if': 0, 'num_max_conditions_in_if': 0, 'max_line_tokens': 18, 'num_of_variables': 1, 'num_of_arrays': 4, 'num_of_operators': 0, 'num_of_nested_casting': 0, 'entropy': 4.6405598174457}, 'relevant_distance_readability': 0.8833, 'relevant_distance_complexity': 0.0604}, 'sample_21a9Fu8ndGQY_results/generations/sample_21/sample_21.py-96f81cee5adde1870344b3b0c5cc2c10f757630471cc88ce5829c8c17696e942': {'variant_file': 'sample_21a9Fu8ndGQY_results/generations/sample_21/sample_21.py-96f81cee5adde1870344b3b0c5cc2c10f757630471cc88ce5829c8c17696e942', 'applicable_rules': ['add_try_except_inside_functions', 'transform_function_to_class', 'add_decorator', 'add_crypto', 'add_base64', 'add_dateutil'], 'applied_rules': ['add_scipy', 'add_datetime', 'change_var_names', 'add_sklearn', 'add_time', 'add_http'], 'complexity': {'File': 'sample_21a9Fu8ndGQY_results/generations/sample_21/sample_21.py-96f81cee5adde1870344b3b0c5cc2c10f757630471cc88ce5829c8c17696e942', 'Base complexity': 1, 'Predicates with operators': 0, 'Nested levels': 0, 'Complex code structures': 4, 'Third-Party calls': 5, 'Inter_dependencies': 0, 'Intra_dependencies': 0, 'Log': 'tmp/sample_21a9Fu8ndGQY_results_generations_sample_21_sample_21.py-96f81cee5adde1870344b3b0c5cc2c10f757630471cc88ce5829c8c17696e942.log'}, 'readability': {'num_tokens': 79, 'lines_of_code': 14, 'num_conditions': 0, 'num_loops': 0, 'num_assignments': 1, 'num_max_nested_loop': 0, 'num_max_nested_if': 0, 'num_max_conditions_in_if': 0, 'max_line_tokens': 18, 'num_of_variables': 1, 'num_of_arrays': 4, 'num_of_operators': 0, 'num_of_nested_casting': 0, 'entropy': 4.713290362205653}, 'relevant_distance_readability': 0.8825, 'relevant_distance_complexity': 0.0604}, 'sample_21a9Fu8ndGQY_results/generations/sample_21/sample_21.py-1acf92dab71ccacd4561f8b6ae522d71f77e975158edcbd22cebd38668de1ee2': {'variant_file': 'sample_21a9Fu8ndGQY_results/generations/sample_21/sample_21.py-1acf92dab71ccacd4561f8b6ae522d71f77e975158edcbd22cebd38668de1ee2', 'applicable_rules': ['add_try_except_inside_functions', 'transform_function_to_class', 'add_decorator', 'add_crypto', 'add_http', 'add_dateutil'], 'applied_rules': ['add_scipy', 'add_datetime', 'change_var_names', 'add_sklearn', 'add_time', 'add_base64'], 'complexity': {'File': 'sample_21a9Fu8ndGQY_results/generations/sample_21/sample_21.py-1acf92dab71ccacd4561f8b6ae522d71f77e975158edcbd22cebd38668de1ee2', 'Base complexity': 1, 'Predicates with operators': 0, 'Nested levels': 0, 'Complex code structures': 4, 'Third-Party calls': 5, 'Inter_dependencies': 0, 'Intra_dependencies': 0, 'Log': 'tmp/sample_21a9Fu8ndGQY_results_generations_sample_21_sample_21.py-1acf92dab71ccacd4561f8b6ae522d71f77e975158edcbd22cebd38668de1ee2.log'}, 'readability': {'num_tokens': 75, 'lines_of_code': 14, 'num_conditions': 0, 'num_loops': 0, 'num_assignments': 1, 'num_max_nested_loop': 0, 'num_max_nested_if': 0, 'num_max_conditions_in_if': 0, 'max_line_tokens': 18, 'num_of_variables': 1, 'num_of_arrays': 4, 'num_of_operators': 0, 'num_of_nested_casting': 0, 'entropy': 4.67729165080788}, 'relevant_distance_readability': 0.8829, 'relevant_distance_complexity': 0.0604}, 'sample_21a9Fu8ndGQY_results/generations/sample_21/sample_21.py-f2537a02a51aabc713ab4fb31aece81b2abff2c448a88e37f622de2b5d2b5afd': {'variant_file': 'sample_21a9Fu8ndGQY_results/generations/sample_21/sample_21.py-f2537a02a51aabc713ab4fb31aece81b2abff2c448a88e37f622de2b5d2b5afd', 'applicable_rules': ['add_try_except_inside_functions', 'transform_function_to_class', 'add_decorator', 'add_crypto', 'add_http', 'add_base64'], 'applied_rules': ['add_scipy', 'add_datetime', 'change_var_names', 'add_sklearn', 'add_time', 'add_dateutil'], 'complexity': {'File': 'sample_21a9Fu8ndGQY_results/generations/sample_21/sample_21.py-f2537a02a51aabc713ab4fb31aece81b2abff2c448a88e37f622de2b5d2b5afd', 'Base complexity': 1, 'Predicates with operators': 0, 'Nested levels': 0, 'Complex code structures': 4, 'Third-Party calls': 5, 'Inter_dependencies': 0, 'Intra_dependencies': 0, 'Log': 'tmp/sample_21a9Fu8ndGQY_results_generations_sample_21_sample_21.py-f2537a02a51aabc713ab4fb31aece81b2abff2c448a88e37f622de2b5d2b5afd.log'}, 'readability': {'num_tokens': 78, 'lines_of_code': 14, 'num_conditions': 0, 'num_loops': 0, 'num_assignments': 1, 'num_max_nested_loop': 0, 'num_max_nested_if': 0, 'num_max_conditions_in_if': 0, 'max_line_tokens': 18, 'num_of_variables': 1, 'num_of_arrays': 4, 'num_of_operators': 0, 'num_of_nested_casting': 0, 'entropy': 4.7325891999037415}, 'relevant_distance_readability': 0.8823, 'relevant_distance_complexity': 0.0604}, 'sample_21a9Fu8ndGQY_results/generations/sample_21/sample_21.py-6798571375f271bd73bcb68ca6f2928a8ed43f9cddc8869cf2462037fca3645c': {'variant_file': 'sample_21a9Fu8ndGQY_results/generations/sample_21/sample_21.py-6798571375f271bd73bcb68ca6f2928a8ed43f9cddc8869cf2462037fca3645c', 'applicable_rules': ['add_try_except_inside_functions', 'add_crypto', 'add_http', 'add_scipy', 'add_base64', 'add_dateutil'], 'applied_rules': ['add_decorator', 'add_sklearn', 'change_var_names', 'add_datetime', 'add_time', 'add_try_except_inside_functions', 'change_var_names'], 'complexity': {'File': 'sample_21a9Fu8ndGQY_results/generations/sample_21/sample_21.py-6798571375f271bd73bcb68ca6f2928a8ed43f9cddc8869cf2462037fca3645c', 'Base complexity': 5, 'Predicates with operators': 0, 'Nested levels': 0, 'Complex code structures': 4, 'Third-Party calls': 3, 'Inter_dependencies': 0, 'Intra_dependencies': 0, 'Log': 'tmp/sample_21a9Fu8ndGQY_results_generations_sample_21_sample_21.py-6798571375f271bd73bcb68ca6f2928a8ed43f9cddc8869cf2462037fca3645c.log'}, 'readability': {'num_tokens': 85, 'lines_of_code': 19, 'num_conditions': 0, 'num_loops': 0, 'num_assignments': 2, 'num_max_nested_loop': 0, 'num_max_nested_if': 0, 'num_max_conditions_in_if': 0, 'max_line_tokens': 11, 'num_of_variables': 2, 'num_of_arrays': 2, 'num_of_operators': 0, 'num_of_nested_casting': 0, 'entropy': 4.799893806869278}, 'relevant_distance_readability': 0.9053, 'relevant_distance_complexity': 0.0532}, 'sample_21a9Fu8ndGQY_results/generations/sample_21/sample_21.py-924f199cf3f8ba4c2b1d3287994f4447a313097866b477664f8c49a794e53594': {'variant_file': 'sample_21a9Fu8ndGQY_results/generations/sample_21/sample_21.py-924f199cf3f8ba4c2b1d3287994f4447a313097866b477664f8c49a794e53594', 'applicable_rules': ['add_try_except_inside_functions', 'add_http', 'add_scipy', 'add_base64', 'add_dateutil'], 'applied_rules': ['add_decorator', 'add_sklearn', 'change_var_names', 'add_datetime', 'add_time', 'add_crypto', 'change_var_names'], 'complexity': {'File': 'sample_21a9Fu8ndGQY_results/generations/sample_21/sample_21.py-924f199cf3f8ba4c2b1d3287994f4447a313097866b477664f8c49a794e53594', 'Base complexity': 3, 'Predicates with operators': 0, 'Nested levels': 0, 'Complex code structures': 4, 'Third-Party calls': 4, 'Inter_dependencies': 0, 'Intra_dependencies': 0, 'Log': 'tmp/sample_21a9Fu8ndGQY_results_generations_sample_21_sample_21.py-924f199cf3f8ba4c2b1d3287994f4447a313097866b477664f8c49a794e53594.log'}, 'readability': {'num_tokens': 87, 'lines_of_code': 18, 'num_conditions': 0, 'num_loops': 0, 'num_assignments': 2, 'num_max_nested_loop': 0, 'num_max_nested_if': 0, 'num_max_conditions_in_if': 0, 'max_line_tokens': 11, 'num_of_variables': 2, 'num_of_arrays': 2, 'num_of_operators': 0, 'num_of_nested_casting': 0, 'entropy': 4.7811328362491325}, 'relevant_distance_readability': 0.9057, 'relevant_distance_complexity': 0.0568}, 'sample_21a9Fu8ndGQY_results/generations/sample_21/sample_21.py-468a491550d07dbd500fc8cbdb962b0a439e3e125d6a6bdd2e8f7eb2c7741856': {'variant_file': 'sample_21a9Fu8ndGQY_results/generations/sample_21/sample_21.py-468a491550d07dbd500fc8cbdb962b0a439e3e125d6a6bdd2e8f7eb2c7741856', 'applicable_rules': ['add_try_except_inside_functions', 'add_crypto', 'add_scipy', 'add_base64', 'add_dateutil'], 'applied_rules': ['add_decorator', 'add_sklearn', 'change_var_names', 'add_datetime', 'add_time', 'add_http', 'change_var_names'], 'complexity': {'File': 'sample_21a9Fu8ndGQY_results/generations/sample_21/sample_21.py-468a491550d07dbd500fc8cbdb962b0a439e3e125d6a6bdd2e8f7eb2c7741856', 'Base complexity': 3, 'Predicates with operators': 0, 'Nested levels': 0, 'Complex code structures': 4, 'Third-Party calls': 4, 'Inter_dependencies': 0, 'Intra_dependencies': 0, 'Log': 'tmp/sample_21a9Fu8ndGQY_results_generations_sample_21_sample_21.py-468a491550d07dbd500fc8cbdb962b0a439e3e125d6a6bdd2e8f7eb2c7741856.log'}, 'readability': {'num_tokens': 91, 'lines_of_code': 18, 'num_conditions': 0, 'num_loops': 0, 'num_assignments': 2, 'num_max_nested_loop': 0, 'num_max_nested_if': 0, 'num_max_conditions_in_if': 0, 'max_line_tokens': 11, 'num_of_variables': 2, 'num_of_arrays': 2, 'num_of_operators': 0, 'num_of_nested_casting': 0, 'entropy': 4.854193959813478}, 'relevant_distance_readability': 0.9049, 'relevant_distance_complexity': 0.0568}, 'sample_21a9Fu8ndGQY_results/generations/sample_21/sample_21.py-6caecc77be2fa13aa0baff568c5c9f3b14b0cc8867f5d5729fe35c9112010b2e': {'variant_file': 'sample_21a9Fu8ndGQY_results/generations/sample_21/sample_21.py-6caecc77be2fa13aa0baff568c5c9f3b14b0cc8867f5d5729fe35c9112010b2e', 'applicable_rules': ['add_try_except_inside_functions', 'add_crypto', 'add_http', 'add_scipy', 'add_dateutil'], 'applied_rules': ['add_decorator', 'add_sklearn', 'change_var_names', 'add_datetime', 'add_time', 'add_base64'], 'complexity': {'File': 'sample_21a9Fu8ndGQY_results/generations/sample_21/sample_21.py-6caecc77be2fa13aa0baff568c5c9f3b14b0cc8867f5d5729fe35c9112010b2e', 'Base complexity': 3, 'Predicates with operators': 0, 'Nested levels': 0, 'Complex code structures': 4, 'Third-Party calls': 4, 'Inter_dependencies': 0, 'Intra_dependencies': 0, 'Log': 'tmp/sample_21a9Fu8ndGQY_results_generations_sample_21_sample_21.py-6caecc77be2fa13aa0baff568c5c9f3b14b0cc8867f5d5729fe35c9112010b2e.log'}, 'readability': {'num_tokens': 87, 'lines_of_code': 18, 'num_conditions': 0, 'num_loops': 0, 'num_assignments': 2, 'num_max_nested_loop': 0, 'num_max_nested_if': 0, 'num_max_conditions_in_if': 0, 'max_line_tokens': 11, 'num_of_variables': 2, 'num_of_arrays': 2, 'num_of_operators': 0, 'num_of_nested_casting': 0, 'entropy': 4.804121341996259}, 'relevant_distance_readability': 0.9054, 'relevant_distance_complexity': 0.0568}, 'sample_21a9Fu8ndGQY_results/generations/sample_21/sample_21.py-69493f38f0e42d88cd8af7bbfecd59da46ca856e1814402b069399eade9f7953': {'variant_file': 'sample_21a9Fu8ndGQY_results/generations/sample_21/sample_21.py-69493f38f0e42d88cd8af7bbfecd59da46ca856e1814402b069399eade9f7953', 'applicable_rules': ['add_try_except_inside_functions', 'add_crypto', 'add_http', 'add_scipy', 'add_base64'], 'applied_rules': ['add_decorator', 'add_sklearn', 'change_var_names', 'add_datetime', 'add_time', 'add_dateutil', 'change_var_names'], 'complexity': {'File': 'sample_21a9Fu8ndGQY_results/generations/sample_21/sample_21.py-69493f38f0e42d88cd8af7bbfecd59da46ca856e1814402b069399eade9f7953', 'Base complexity': 3, 'Predicates with operators': 0, 'Nested levels': 0, 'Complex code structures': 4, 'Third-Party calls': 4, 'Inter_dependencies': 0, 'Intra_dependencies': 0, 'Log': 'tmp/sample_21a9Fu8ndGQY_results_generations_sample_21_sample_21.py-69493f38f0e42d88cd8af7bbfecd59da46ca856e1814402b069399eade9f7953.log'}, 'readability': {'num_tokens': 90, 'lines_of_code': 18, 'num_conditions': 0, 'num_loops': 0, 'num_assignments': 2, 'num_max_nested_loop': 0, 'num_max_nested_if': 0, 'num_max_conditions_in_if': 0, 'max_line_tokens': 11, 'num_of_variables': 2, 'num_of_arrays': 2, 'num_of_operators': 0, 'num_of_nested_casting': 0, 'entropy': 4.863213903161173}, 'relevant_distance_readability': 0.9048, 'relevant_distance_complexity': 0.0568}, 'sample_21a9Fu8ndGQY_results/generations/sample_21/sample_21.py-24f9927f8c63cd0956ddb232b4d01ccffe1fc0f3686b59e6b52948364adb90e7': {'variant_file': 'sample_21a9Fu8ndGQY_results/generations/sample_21/sample_21.py-24f9927f8c63cd0956ddb232b4d01ccffe1fc0f3686b59e6b52948364adb90e7', 'applicable_rules': ['add_try_except_inside_functions', 'add_crypto', 'add_sklearn', 'add_http', 'add_base64', 'add_dateutil'], 'applied_rules': ['add_decorator', 'add_datetime', 'add_time', 'add_scipy', 'add_try_except_inside_functions', 'change_var_names'], 'complexity': {'File': 'sample_21a9Fu8ndGQY_results/generations/sample_21/sample_21.py-24f9927f8c63cd0956ddb232b4d01ccffe1fc0f3686b59e6b52948364adb90e7', 'Base complexity': 5, 'Predicates with operators': 0, 'Nested levels': 0, 'Complex code structures': 5, 'Third-Party calls': 3, 'Inter_dependencies': 0, 'Intra_dependencies': 0, 'Log': 'tmp/sample_21a9Fu8ndGQY_results_generations_sample_21_sample_21.py-24f9927f8c63cd0956ddb232b4d01ccffe1fc0f3686b59e6b52948364adb90e7.log'}, 'readability': {'num_tokens': 93, 'lines_of_code': 19, 'num_conditions': 0, 'num_loops': 0, 'num_assignments': 2, 'num_max_nested_loop': 0, 'num_max_nested_if': 0, 'num_max_conditions_in_if': 0, 'max_line_tokens': 18, 'num_of_variables': 2, 'num_of_arrays': 3, 'num_of_operators': 0, 'num_of_nested_casting': 0, 'entropy': 4.875638482960654}, 'relevant_distance_readability': 0.8828, 'relevant_distance_complexity': 0.0579}, 'sample_21a9Fu8ndGQY_results/generations/sample_21/sample_21.py-fcd6c1902e2556125be2c8b078b49720c28ed3afbc41b0b2e843e9a047e496dd': {'variant_file': 'sample_21a9Fu8ndGQY_results/generations/sample_21/sample_21.py-fcd6c1902e2556125be2c8b078b49720c28ed3afbc41b0b2e843e9a047e496dd', 'applicable_rules': ['add_try_except_inside_functions', 'add_sklearn', 'add_http', 'add_base64', 'add_dateutil'], 'applied_rules': ['add_decorator', 'add_datetime', 'add_time', 'add_scipy', 'add_crypto', 'change_var_names'], 'complexity': {'File': 'sample_21a9Fu8ndGQY_results/generations/sample_21/sample_21.py-fcd6c1902e2556125be2c8b078b49720c28ed3afbc41b0b2e843e9a047e496dd', 'Base complexity': 3, 'Predicates with operators': 0, 'Nested levels': 0, 'Complex code structures': 5, 'Third-Party calls': 4, 'Inter_dependencies': 0, 'Intra_dependencies': 0, 'Log': 'tmp/sample_21a9Fu8ndGQY_results_generations_sample_21_sample_21.py-fcd6c1902e2556125be2c8b078b49720c28ed3afbc41b0b2e843e9a047e496dd.log'}, 'readability': {'num_tokens': 95, 'lines_of_code': 18, 'num_conditions': 0, 'num_loops': 0, 'num_assignments': 2, 'num_max_nested_loop': 0, 'num_max_nested_if': 0, 'num_max_conditions_in_if': 0, 'max_line_tokens': 18, 'num_of_variables': 2, 'num_of_arrays': 3, 'num_of_operators': 0, 'num_of_nested_casting': 0, 'entropy': 4.859564430277737}, 'relevant_distance_readability': 0.8831, 'relevant_distance_complexity': 0.0615}, 'sample_21a9Fu8ndGQY_results/generations/sample_21/sample_21.py-903b3d2eb91b234aaa626096955c397b08719fa895ec9b830d0b5e9a4b2623f2': {'variant_file': 'sample_21a9Fu8ndGQY_results/generations/sample_21/sample_21.py-903b3d2eb91b234aaa626096955c397b08719fa895ec9b830d0b5e9a4b2623f2', 'applicable_rules': ['add_try_except_inside_functions', 'add_crypto', 'add_sklearn', 'add_base64', 'add_dateutil'], 'applied_rules': ['add_decorator', 'add_datetime', 'add_time', 'add_scipy', 'add_http', 'change_var_names'], 'complexity': {'File': 'sample_21a9Fu8ndGQY_results/generations/sample_21/sample_21.py-903b3d2eb91b234aaa626096955c397b08719fa895ec9b830d0b5e9a4b2623f2', 'Base complexity': 3, 'Predicates with operators': 0, 'Nested levels': 0, 'Complex code structures': 5, 'Third-Party calls': 4, 'Inter_dependencies': 0, 'Intra_dependencies': 0, 'Log': 'tmp/sample_21a9Fu8ndGQY_results_generations_sample_21_sample_21.py-903b3d2eb91b234aaa626096955c397b08719fa895ec9b830d0b5e9a4b2623f2.log'}, 'readability': {'num_tokens': 99, 'lines_of_code': 18, 'num_conditions': 0, 'num_loops': 0, 'num_assignments': 2, 'num_max_nested_loop': 0, 'num_max_nested_if': 0, 'num_max_conditions_in_if': 0, 'max_line_tokens': 18, 'num_of_variables': 2, 'num_of_arrays': 3, 'num_of_operators': 0, 'num_of_nested_casting': 0, 'entropy': 4.922215337978241}, 'relevant_distance_readability': 0.8824, 'relevant_distance_complexity': 0.0615}, 'sample_21a9Fu8ndGQY_results/generations/sample_21/sample_21.py-d848841b1e3ed93baa05a21e79d1daf573dc259ee41bb951d18c19c79505d631': {'variant_file': 'sample_21a9Fu8ndGQY_results/generations/sample_21/sample_21.py-d848841b1e3ed93baa05a21e79d1daf573dc259ee41bb951d18c19c79505d631', 'applicable_rules': ['add_try_except_inside_functions', 'add_crypto', 'add_sklearn', 'add_http', 'add_dateutil'], 'applied_rules': ['add_decorator', 'add_datetime', 'add_time', 'add_scipy', 'add_base64'], 'complexity': {'File': 'sample_21a9Fu8ndGQY_results/generations/sample_21/sample_21.py-d848841b1e3ed93baa05a21e79d1daf573dc259ee41bb951d18c19c79505d631', 'Base complexity': 3, 'Predicates with operators': 0, 'Nested levels': 0, 'Complex code structures': 5, 'Third-Party calls': 4, 'Inter_dependencies': 0, 'Intra_dependencies': 0, 'Log': 'tmp/sample_21a9Fu8ndGQY_results_generations_sample_21_sample_21.py-d848841b1e3ed93baa05a21e79d1daf573dc259ee41bb951d18c19c79505d631.log'}, 'readability': {'num_tokens': 95, 'lines_of_code': 18, 'num_conditions': 0, 'num_loops': 0, 'num_assignments': 2, 'num_max_nested_loop': 0, 'num_max_nested_if': 0, 'num_max_conditions_in_if': 0, 'max_line_tokens': 18, 'num_of_variables': 2, 'num_of_arrays': 3, 'num_of_operators': 0, 'num_of_nested_casting': 0, 'entropy': 4.880617061856684}, 'relevant_distance_readability': 0.8829, 'relevant_distance_complexity': 0.0615}, 'sample_21a9Fu8ndGQY_results/generations/sample_21/sample_21.py-9ef36b82e7985c4a67022ff0f459541d47207a6c818136b14609a33b95f4ef41': {'variant_file': 'sample_21a9Fu8ndGQY_results/generations/sample_21/sample_21.py-9ef36b82e7985c4a67022ff0f459541d47207a6c818136b14609a33b95f4ef41', 'applicable_rules': ['add_try_except_inside_functions', 'add_crypto', 'add_sklearn', 'add_http', 'add_base64'], 'applied_rules': ['add_decorator', 'add_datetime', 'add_time', 'add_scipy', 'add_dateutil'], 'complexity': {'File': 'sample_21a9Fu8ndGQY_results/generations/sample_21/sample_21.py-9ef36b82e7985c4a67022ff0f459541d47207a6c818136b14609a33b95f4ef41', 'Base complexity': 3, 'Predicates with operators': 0, 'Nested levels': 0, 'Complex code structures': 5, 'Third-Party calls': 4, 'Inter_dependencies': 0, 'Intra_dependencies': 0, 'Log': 'tmp/sample_21a9Fu8ndGQY_results_generations_sample_21_sample_21.py-9ef36b82e7985c4a67022ff0f459541d47207a6c818136b14609a33b95f4ef41.log'}, 'readability': {'num_tokens': 98, 'lines_of_code': 18, 'num_conditions': 0, 'num_loops': 0, 'num_assignments': 2, 'num_max_nested_loop': 0, 'num_max_nested_if': 0, 'num_max_conditions_in_if': 0, 'max_line_tokens': 18, 'num_of_variables': 2, 'num_of_arrays': 3, 'num_of_operators': 0, 'num_of_nested_casting': 0, 'entropy': 4.936366355186078}, 'relevant_distance_readability': 0.8823, 'relevant_distance_complexity': 0.0615}}, 6: {'sample_21a9Fu8ndGQY_results/generations/sample_21/sample_21.py-eff83f4f9f6c85cb9441e058f2024682b60567dfb436bbe80628e6266a308a26': {'variant_file': 'sample_21a9Fu8ndGQY_results/generations/sample_21/sample_21.py-eff83f4f9f6c85cb9441e058f2024682b60567dfb436bbe80628e6266a308a26', 'applicable_rules': ['add_try_except_inside_functions', 'add_crypto', 'add_http', 'add_base64', 'add_dateutil'], 'applied_rules': ['add_scipy', 'add_decorator', 'add_sklearn', 'change_var_names', 'add_datetime', 'change_var_names', 'add_time', 'add_try_except_inside_functions'], 'complexity': {'File': 'sample_21a9Fu8ndGQY_results/generations/sample_21/sample_21.py-eff83f4f9f6c85cb9441e058f2024682b60567dfb436bbe80628e6266a308a26', 'Base complexity': 5, 'Predicates with operators': 0, 'Nested levels': 0, 'Complex code structures': 6, 'Third-Party calls': 4, 'Inter_dependencies': 0, 'Intra_dependencies': 0, 'Log': 'tmp/sample_21a9Fu8ndGQY_results_generations_sample_21_sample_21.py-eff83f4f9f6c85cb9441e058f2024682b60567dfb436bbe80628e6266a308a26.log'}, 'readability': {'num_tokens': 107, 'lines_of_code': 21, 'num_conditions': 0, 'num_loops': 0, 'num_assignments': 2, 'num_max_nested_loop': 0, 'num_max_nested_if': 0, 'num_max_conditions_in_if': 0, 'max_line_tokens': 18, 'num_of_variables': 2, 'num_of_arrays': 4, 'num_of_operators': 0, 'num_of_nested_casting': 0, 'entropy': 4.97472006273876}, 'relevant_distance_readability': 0.8758, 'relevant_distance_complexity': 0.0705}, 'sample_21a9Fu8ndGQY_results/generations/sample_21/sample_21.py-0c6c94f436cd4270572574adc858df7b023996402c0ecc2558c78556c3d08e0d': {'variant_file': 'sample_21a9Fu8ndGQY_results/generations/sample_21/sample_21.py-0c6c94f436cd4270572574adc858df7b023996402c0ecc2558c78556c3d08e0d', 'applicable_rules': ['add_try_except_inside_functions', 'add_http', 'add_base64', 'add_dateutil'], 'applied_rules': ['add_scipy', 'add_decorator', 'add_sklearn', 'change_var_names', 'add_datetime', 'change_var_names', 'add_time', 'add_crypto'], 'complexity': {'File': 'sample_21a9Fu8ndGQY_results/generations/sample_21/sample_21.py-0c6c94f436cd4270572574adc858df7b023996402c0ecc2558c78556c3d08e0d', 'Base complexity': 3, 'Predicates with operators': 0, 'Nested levels': 0, 'Complex code structures': 6, 'Third-Party calls': 5, 'Inter_dependencies': 0, 'Intra_dependencies': 0, 'Log': 'tmp/sample_21a9Fu8ndGQY_results_generations_sample_21_sample_21.py-0c6c94f436cd4270572574adc858df7b023996402c0ecc2558c78556c3d08e0d.log'}, 'readability': {'num_tokens': 109, 'lines_of_code': 20, 'num_conditions': 0, 'num_loops': 0, 'num_assignments': 2, 'num_max_nested_loop': 0, 'num_max_nested_if': 0, 'num_max_conditions_in_if': 0, 'max_line_tokens': 18, 'num_of_variables': 2, 'num_of_arrays': 4, 'num_of_operators': 0, 'num_of_nested_casting': 0, 'entropy': 4.949646439011098}, 'relevant_distance_readability': 0.8762, 'relevant_distance_complexity': 0.0741}, 'sample_21a9Fu8ndGQY_results/generations/sample_21/sample_21.py-a8da5d68fc35ac3d056d1443be250c3fa0631d72a0beec99631dd1aa64be38d0': {'variant_file': 'sample_21a9Fu8ndGQY_results/generations/sample_21/sample_21.py-a8da5d68fc35ac3d056d1443be250c3fa0631d72a0beec99631dd1aa64be38d0', 'applicable_rules': ['add_try_except_inside_functions', 'add_crypto', 'add_base64', 'add_dateutil'], 'applied_rules': ['add_scipy', 'add_decorator', 'add_sklearn', 'change_var_names', 'add_datetime', 'change_var_names', 'add_time', 'add_http'], 'complexity': {'File': 'sample_21a9Fu8ndGQY_results/generations/sample_21/sample_21.py-a8da5d68fc35ac3d056d1443be250c3fa0631d72a0beec99631dd1aa64be38d0', 'Base complexity': 3, 'Predicates with operators': 0, 'Nested levels': 0, 'Complex code structures': 6, 'Third-Party calls': 5, 'Inter_dependencies': 0, 'Intra_dependencies': 0, 'Log': 'tmp/sample_21a9Fu8ndGQY_results_generations_sample_21_sample_21.py-a8da5d68fc35ac3d056d1443be250c3fa0631d72a0beec99631dd1aa64be38d0.log'}, 'readability': {'num_tokens': 113, 'lines_of_code': 20, 'num_conditions': 0, 'num_loops': 0, 'num_assignments': 2, 'num_max_nested_loop': 0, 'num_max_nested_if': 0, 'num_max_conditions_in_if': 0, 'max_line_tokens': 18, 'num_of_variables': 2, 'num_of_arrays': 4, 'num_of_operators': 0, 'num_of_nested_casting': 0, 'entropy': 5.005532091577917}, 'relevant_distance_readability': 0.8755, 'relevant_distance_complexity': 0.0741}, 'sample_21a9Fu8ndGQY_results/generations/sample_21/sample_21.py-09df9889c785d17abc60323049b3a21a2f44f5f89eca1775287d8e7c9b7403d4': {'variant_file': 'sample_21a9Fu8ndGQY_results/generations/sample_21/sample_21.py-09df9889c785d17abc60323049b3a21a2f44f5f89eca1775287d8e7c9b7403d4', 'applicable_rules': ['add_try_except_inside_functions', 'add_crypto', 'add_http', 'add_dateutil'], 'applied_rules': ['add_scipy', 'add_decorator', 'add_sklearn', 'change_var_names', 'add_datetime', 'change_var_names', 'add_time', 'add_base64'], 'complexity': {'File': 'sample_21a9Fu8ndGQY_results/generations/sample_21/sample_21.py-09df9889c785d17abc60323049b3a21a2f44f5f89eca1775287d8e7c9b7403d4', 'Base complexity': 3, 'Predicates with operators': 0, 'Nested levels': 0, 'Complex code structures': 6, 'Third-Party calls': 5, 'Inter_dependencies': 0, 'Intra_dependencies': 0, 'Log': 'tmp/sample_21a9Fu8ndGQY_results_generations_sample_21_sample_21.py-09df9889c785d17abc60323049b3a21a2f44f5f89eca1775287d8e7c9b7403d4.log'}, 'readability': {'num_tokens': 109, 'lines_of_code': 20, 'num_conditions': 0, 'num_loops': 0, 'num_assignments': 2, 'num_max_nested_loop': 0, 'num_max_nested_if': 0, 'num_max_conditions_in_if': 0, 'max_line_tokens': 18, 'num_of_variables': 2, 'num_of_arrays': 4, 'num_of_operators': 0, 'num_of_nested_casting': 0, 'entropy': 4.974920636278652}, 'relevant_distance_readability': 0.8759, 'relevant_distance_complexity': 0.0741}, 'sample_21a9Fu8ndGQY_results/generations/sample_21/sample_21.py-4f4536fc634d5f624b46d11192b41eafe736621c76ed5c20f56e42a7cfcaa607': {'variant_file': 'sample_21a9Fu8ndGQY_results/generations/sample_21/sample_21.py-4f4536fc634d5f624b46d11192b41eafe736621c76ed5c20f56e42a7cfcaa607', 'applicable_rules': ['add_try_except_inside_functions', 'add_crypto', 'add_http', 'add_base64'], 'applied_rules': ['add_scipy', 'add_decorator', 'add_sklearn', 'change_var_names', 'add_datetime', 'change_var_names', 'add_time', 'add_dateutil'], 'complexity': {'File': 'sample_21a9Fu8ndGQY_results/generations/sample_21/sample_21.py-4f4536fc634d5f624b46d11192b41eafe736621c76ed5c20f56e42a7cfcaa607', 'Base complexity': 3, 'Predicates with operators': 0, 'Nested levels': 0, 'Complex code structures': 6, 'Third-Party calls': 5, 'Inter_dependencies': 0, 'Intra_dependencies': 0, 'Log': 'tmp/sample_21a9Fu8ndGQY_results_generations_sample_21_sample_21.py-4f4536fc634d5f624b46d11192b41eafe736621c76ed5c20f56e42a7cfcaa607.log'}, 'readability': {'num_tokens': 112, 'lines_of_code': 20, 'num_conditions': 0, 'num_loops': 0, 'num_assignments': 2, 'num_max_nested_loop': 0, 'num_max_nested_if': 0, 'num_max_conditions_in_if': 0, 'max_line_tokens': 18, 'num_of_variables': 2, 'num_of_arrays': 4, 'num_of_operators': 0, 'num_of_nested_casting': 0, 'entropy': 5.019670729660502}, 'relevant_distance_readability': 0.8754, 'relevant_distance_complexity': 0.0741}, 'sample_21a9Fu8ndGQY_results/generations/sample_21/sample_21.py-4aa5746c0a9e4a20926243bcec5d851d3face5cb57a5ea0ca96563f207e97b77': {'variant_file': 'sample_21a9Fu8ndGQY_results/generations/sample_21/sample_21.py-4aa5746c0a9e4a20926243bcec5d851d3face5cb57a5ea0ca96563f207e97b77', 'applicable_rules': ['add_try_except_inside_functions', 'add_time', 'add_http', 'add_base64', 'add_dateutil'], 'applied_rules': ['add_scipy', 'add_decorator', 'add_datetime', 'add_sklearn', 'change_var_names', 'add_crypto', 'add_try_except_inside_functions', 'change_var_names'], 'complexity': {'File': 'sample_21a9Fu8ndGQY_results/generations/sample_21/sample_21.py-4aa5746c0a9e4a20926243bcec5d851d3face5cb57a5ea0ca96563f207e97b77', 'Base complexity': 5, 'Predicates with operators': 0, 'Nested levels': 0, 'Complex code structures': 6, 'Third-Party calls': 4, 'Inter_dependencies': 0, 'Intra_dependencies': 0, 'Log': 'tmp/sample_21a9Fu8ndGQY_results_generations_sample_21_sample_21.py-4aa5746c0a9e4a20926243bcec5d851d3face5cb57a5ea0ca96563f207e97b77.log'}, 'readability': {'num_tokens': 108, 'lines_of_code': 21, 'num_conditions': 0, 'num_loops': 0, 'num_assignments': 2, 'num_max_nested_loop': 0, 'num_max_nested_if': 0, 'num_max_conditions_in_if': 0, 'max_line_tokens': 18, 'num_of_variables': 2, 'num_of_arrays': 4, 'num_of_operators': 0, 'num_of_nested_casting': 0, 'entropy': 4.997509647218665}, 'relevant_distance_readability': 0.8755, 'relevant_distance_complexity': 0.0705}, 'sample_21a9Fu8ndGQY_results/generations/sample_21/sample_21.py-dc14aad8831ad3ebcebbf7e5ec70d30f294a2e13242b358f1125bb3a12965c5d': {'variant_file': 'sample_21a9Fu8ndGQY_results/generations/sample_21/sample_21.py-dc14aad8831ad3ebcebbf7e5ec70d30f294a2e13242b358f1125bb3a12965c5d', 'applicable_rules': ['add_try_except_inside_functions', 'add_http', 'add_base64', 'add_dateutil'], 'applied_rules': ['add_scipy', 'add_decorator', 'add_datetime', 'add_sklearn', 'change_var_names', 'add_crypto', 'add_time'], 'complexity': {'File': 'sample_21a9Fu8ndGQY_results/generations/sample_21/sample_21.py-dc14aad8831ad3ebcebbf7e5ec70d30f294a2e13242b358f1125bb3a12965c5d', 'Base complexity': 3, 'Predicates with operators': 0, 'Nested levels': 0, 'Complex code structures': 6, 'Third-Party calls': 5, 'Inter_dependencies': 0, 'Intra_dependencies': 0, 'Log': 'tmp/sample_21a9Fu8ndGQY_results_generations_sample_21_sample_21.py-dc14aad8831ad3ebcebbf7e5ec70d30f294a2e13242b358f1125bb3a12965c5d.log'}, 'readability': {'num_tokens': 109, 'lines_of_code': 20, 'num_conditions': 0, 'num_loops': 0, 'num_assignments': 2, 'num_max_nested_loop': 0, 'num_max_nested_if': 0, 'num_max_conditions_in_if': 0, 'max_line_tokens': 18, 'num_of_variables': 2, 'num_of_arrays': 4, 'num_of_operators': 0, 'num_of_nested_casting': 0, 'entropy': 4.967995062864309}, 'relevant_distance_readability': 0.876, 'relevant_distance_complexity': 0.0741}, 'sample_21a9Fu8ndGQY_results/generations/sample_21/sample_21.py-1428261174cb5c7fb8b05f743744323d6f5e00838bc42e07409454c1d73d3be1': {'variant_file': 'sample_21a9Fu8ndGQY_results/generations/sample_21/sample_21.py-1428261174cb5c7fb8b05f743744323d6f5e00838bc42e07409454c1d73d3be1', 'applicable_rules': ['add_try_except_inside_functions', 'add_time', 'add_base64', 'add_dateutil'], 'applied_rules': ['add_scipy', 'add_decorator', 'add_datetime', 'add_sklearn', 'change_var_names', 'add_crypto', 'add_http'], 'complexity': {'File': 'sample_21a9Fu8ndGQY_results/generations/sample_21/sample_21.py-1428261174cb5c7fb8b05f743744323d6f5e00838bc42e07409454c1d73d3be1', 'Base complexity': 3, 'Predicates with operators': 0, 'Nested levels': 0, 'Complex code structures': 6, 'Third-Party calls': 5, 'Inter_dependencies': 0, 'Intra_dependencies': 0, 'Log': 'tmp/sample_21a9Fu8ndGQY_results_generations_sample_21_sample_21.py-1428261174cb5c7fb8b05f743744323d6f5e00838bc42e07409454c1d73d3be1.log'}, 'readability': {'num_tokens': 114, 'lines_of_code': 20, 'num_conditions': 0, 'num_loops': 0, 'num_assignments': 2, 'num_max_nested_loop': 0, 'num_max_nested_if': 0, 'num_max_conditions_in_if': 0, 'max_line_tokens': 18, 'num_of_variables': 2, 'num_of_arrays': 4, 'num_of_operators': 0, 'num_of_nested_casting': 0, 'entropy': 5.023239058880109}, 'relevant_distance_readability': 0.8753, 'relevant_distance_complexity': 0.0741}, 'sample_21a9Fu8ndGQY_results/generations/sample_21/sample_21.py-249cc9be5cd9cfa57376c6ed4988e65691e5e7023d1dfa7e1d11950851034889': {'variant_file': 'sample_21a9Fu8ndGQY_results/generations/sample_21/sample_21.py-249cc9be5cd9cfa57376c6ed4988e65691e5e7023d1dfa7e1d11950851034889', 'applicable_rules': ['add_try_except_inside_functions', 'add_time', 'add_http', 'add_dateutil'], 'applied_rules': ['add_scipy', 'add_decorator', 'add_datetime', 'add_sklearn', 'change_var_names', 'add_crypto', 'add_base64'], 'complexity': {'File': 'sample_21a9Fu8ndGQY_results/generations/sample_21/sample_21.py-249cc9be5cd9cfa57376c6ed4988e65691e5e7023d1dfa7e1d11950851034889', 'Base complexity': 3, 'Predicates with operators': 0, 'Nested levels': 0, 'Complex code structures': 6, 'Third-Party calls': 5, 'Inter_dependencies': 0, 'Intra_dependencies': 0, 'Log': 'tmp/sample_21a9Fu8ndGQY_results_generations_sample_21_sample_21.py-249cc9be5cd9cfa57376c6ed4988e65691e5e7023d1dfa7e1d11950851034889.log'}, 'readability': {'num_tokens': 110, 'lines_of_code': 20, 'num_conditions': 0, 'num_loops': 0, 'num_assignments': 2, 'num_max_nested_loop': 0, 'num_max_nested_if': 0, 'num_max_conditions_in_if': 0, 'max_line_tokens': 18, 'num_of_variables': 2, 'num_of_arrays': 4, 'num_of_operators': 0, 'num_of_nested_casting': 0, 'entropy': 4.997535808538522}, 'relevant_distance_readability': 0.8757, 'relevant_distance_complexity': 0.0741}, 'sample_21a9Fu8ndGQY_results/generations/sample_21/sample_21.py-a8d2b86f0873ebc9e4bd33f4a8576cace33c131280125ae41ccaca55461c7bed': {'variant_file': 'sample_21a9Fu8ndGQY_results/generations/sample_21/sample_21.py-a8d2b86f0873ebc9e4bd33f4a8576cace33c131280125ae41ccaca55461c7bed', 'applicable_rules': ['add_try_except_inside_functions', 'add_time', 'add_http', 'add_base64'], 'applied_rules': ['add_scipy', 'add_decorator', 'add_datetime', 'add_sklearn', 'change_var_names', 'add_crypto', 'add_dateutil', 'change_var_names'], 'complexity': {'File': 'sample_21a9Fu8ndGQY_results/generations/sample_21/sample_21.py-a8d2b86f0873ebc9e4bd33f4a8576cace33c131280125ae41ccaca55461c7bed', 'Base complexity': 3, 'Predicates with operators': 0, 'Nested levels': 0, 'Complex code structures': 6, 'Third-Party calls': 5, 'Inter_dependencies': 0, 'Intra_dependencies': 0, 'Log': 'tmp/sample_21a9Fu8ndGQY_results_generations_sample_21_sample_21.py-a8d2b86f0873ebc9e4bd33f4a8576cace33c131280125ae41ccaca55461c7bed.log'}, 'readability': {'num_tokens': 113, 'lines_of_code': 20, 'num_conditions': 0, 'num_loops': 0, 'num_assignments': 2, 'num_max_nested_loop': 0, 'num_max_nested_if': 0, 'num_max_conditions_in_if': 0, 'max_line_tokens': 18, 'num_of_variables': 2, 'num_of_arrays': 4, 'num_of_operators': 0, 'num_of_nested_casting': 0, 'entropy': 5.037296289438982}, 'relevant_distance_readability': 0.8752, 'relevant_distance_complexity': 0.0741}, 'sample_21a9Fu8ndGQY_results/generations/sample_21/sample_21.py-eee994556476df63fe00d1eea7ec6f73ca41236876215ead674a4cc440fdf437': {'variant_file': 'sample_21a9Fu8ndGQY_results/generations/sample_21/sample_21.py-eee994556476df63fe00d1eea7ec6f73ca41236876215ead674a4cc440fdf437', 'applicable_rules': ['add_try_except_inside_functions', 'add_sklearn', 'add_http', 'add_base64', 'add_dateutil'], 'applied_rules': ['add_scipy', 'add_datetime', 'change_var_names', 'add_decorator', 'change_var_names', 'add_time', 'add_crypto', 'add_try_except_inside_functions'], 'complexity': {'File': 'sample_21a9Fu8ndGQY_results/generations/sample_21/sample_21.py-eee994556476df63fe00d1eea7ec6f73ca41236876215ead674a4cc440fdf437', 'Base complexity': 5, 'Predicates with operators': 0, 'Nested levels': 0, 'Complex code structures': 5, 'Third-Party calls': 4, 'Inter_dependencies': 0, 'Intra_dependencies': 0, 'Log': 'tmp/sample_21a9Fu8ndGQY_results_generations_sample_21_sample_21.py-eee994556476df63fe00d1eea7ec6f73ca41236876215ead674a4cc440fdf437.log'}, 'readability': {'num_tokens': 100, 'lines_of_code': 21, 'num_conditions': 0, 'num_loops': 0, 'num_assignments': 2, 'num_max_nested_loop': 0, 'num_max_nested_if': 0, 'num_max_conditions_in_if': 0, 'max_line_tokens': 18, 'num_of_variables': 2, 'num_of_arrays': 3, 'num_of_operators': 0, 'num_of_nested_casting': 0, 'entropy': 4.950532040901445}, 'relevant_distance_readability': 0.8816, 'relevant_distance_complexity': 0.0658}, 'sample_21a9Fu8ndGQY_results/generations/sample_21/sample_21.py-6a36a6d35d35e061dd46efbe9aa61bde32b49d2e03b2986dde007012b21ea05b': {'variant_file': 'sample_21a9Fu8ndGQY_results/generations/sample_21/sample_21.py-6a36a6d35d35e061dd46efbe9aa61bde32b49d2e03b2986dde007012b21ea05b', 'applicable_rules': ['add_try_except_inside_functions', 'add_sklearn', 'add_base64', 'add_dateutil'], 'applied_rules': ['add_scipy', 'add_datetime', 'change_var_names', 'add_decorator', 'change_var_names', 'add_time', 'add_crypto', 'add_http'], 'complexity': {'File': 'sample_21a9Fu8ndGQY_results/generations/sample_21/sample_21.py-6a36a6d35d35e061dd46efbe9aa61bde32b49d2e03b2986dde007012b21ea05b', 'Base complexity': 3, 'Predicates with operators': 0, 'Nested levels': 0, 'Complex code structures': 5, 'Third-Party calls': 5, 'Inter_dependencies': 0, 'Intra_dependencies': 0, 'Log': 'tmp/sample_21a9Fu8ndGQY_results_generations_sample_21_sample_21.py-6a36a6d35d35e061dd46efbe9aa61bde32b49d2e03b2986dde007012b21ea05b.log'}, 'readability': {'num_tokens': 106, 'lines_of_code': 20, 'num_conditions': 0, 'num_loops': 0, 'num_assignments': 2, 'num_max_nested_loop': 0, 'num_max_nested_if': 0, 'num_max_conditions_in_if': 0, 'max_line_tokens': 18, 'num_of_variables': 2, 'num_of_arrays': 3, 'num_of_operators': 0, 'num_of_nested_casting': 0, 'entropy': 4.9822558449697105}, 'relevant_distance_readability': 0.8814, 'relevant_distance_complexity': 0.0694}, 'sample_21a9Fu8ndGQY_results/generations/sample_21/sample_21.py-005677aa4827eab7d6c378593df8701dd55384dc7480a2fee9ed54c95296fa15': {'variant_file': 'sample_21a9Fu8ndGQY_results/generations/sample_21/sample_21.py-005677aa4827eab7d6c378593df8701dd55384dc7480a2fee9ed54c95296fa15', 'applicable_rules': ['add_try_except_inside_functions', 'add_sklearn', 'add_http', 'add_dateutil'], 'applied_rules': ['add_scipy', 'add_datetime', 'change_var_names', 'add_decorator', 'change_var_names', 'add_time', 'add_crypto', 'add_base64'], 'complexity': {'File': 'sample_21a9Fu8ndGQY_results/generations/sample_21/sample_21.py-005677aa4827eab7d6c378593df8701dd55384dc7480a2fee9ed54c95296fa15', 'Base complexity': 3, 'Predicates with operators': 0, 'Nested levels': 0, 'Complex code structures': 5, 'Third-Party calls': 5, 'Inter_dependencies': 0, 'Intra_dependencies': 0, 'Log': 'tmp/sample_21a9Fu8ndGQY_results_generations_sample_21_sample_21.py-005677aa4827eab7d6c378593df8701dd55384dc7480a2fee9ed54c95296fa15.log'}, 'readability': {'num_tokens': 102, 'lines_of_code': 20, 'num_conditions': 0, 'num_loops': 0, 'num_assignments': 2, 'num_max_nested_loop': 0, 'num_max_nested_if': 0, 'num_max_conditions_in_if': 0, 'max_line_tokens': 18, 'num_of_variables': 2, 'num_of_arrays': 3, 'num_of_operators': 0, 'num_of_nested_casting': 0, 'entropy': 4.9493249880326236}, 'relevant_distance_readability': 0.8818, 'relevant_distance_complexity': 0.0694}, 'sample_21a9Fu8ndGQY_results/generations/sample_21/sample_21.py-9e1f5a07a53e3a85d3aa7a242ae7827dc1c98e9054ee4320eb47b92433dc84fe': {'variant_file': 'sample_21a9Fu8ndGQY_results/generations/sample_21/sample_21.py-9e1f5a07a53e3a85d3aa7a242ae7827dc1c98e9054ee4320eb47b92433dc84fe', 'applicable_rules': ['add_try_except_inside_functions', 'add_sklearn', 'add_http', 'add_base64'], 'applied_rules': ['add_scipy', 'add_datetime', 'change_var_names', 'add_decorator', 'change_var_names', 'add_time', 'add_crypto', 'add_dateutil'], 'complexity': {'File': 'sample_21a9Fu8ndGQY_results/generations/sample_21/sample_21.py-9e1f5a07a53e3a85d3aa7a242ae7827dc1c98e9054ee4320eb47b92433dc84fe', 'Base complexity': 3, 'Predicates with operators': 0, 'Nested levels': 0, 'Complex code structures': 5, 'Third-Party calls': 5, 'Inter_dependencies': 0, 'Intra_dependencies': 0, 'Log': 'tmp/sample_21a9Fu8ndGQY_results_generations_sample_21_sample_21.py-9e1f5a07a53e3a85d3aa7a242ae7827dc1c98e9054ee4320eb47b92433dc84fe.log'}, 'readability': {'num_tokens': 105, 'lines_of_code': 20, 'num_conditions': 0, 'num_loops': 0, 'num_assignments': 2, 'num_max_nested_loop': 0, 'num_max_nested_if': 0, 'num_max_conditions_in_if': 0, 'max_line_tokens': 18, 'num_of_variables': 2, 'num_of_arrays': 3, 'num_of_operators': 0, 'num_of_nested_casting': 0, 'entropy': 4.995091959533466}, 'relevant_distance_readability': 0.8812, 'relevant_distance_complexity': 0.0694}, 'sample_21a9Fu8ndGQY_results/generations/sample_21/sample_21.py-d1079aa5fe35ad92f178680a6ddc3312b7dfb0accb80cbd649f306ea3a2de2eb': {'variant_file': 'sample_21a9Fu8ndGQY_results/generations/sample_21/sample_21.py-d1079aa5fe35ad92f178680a6ddc3312b7dfb0accb80cbd649f306ea3a2de2eb', 'applicable_rules': ['add_try_except_inside_functions', 'add_crypto', 'add_http', 'add_base64', 'add_dateutil'], 'applied_rules': ['add_scipy', 'add_datetime', 'change_var_names', 'add_sklearn', 'add_time', 'add_decorator', 'add_try_except_inside_functions'], 'complexity': {'File': 'sample_21a9Fu8ndGQY_results/generations/sample_21/sample_21.py-d1079aa5fe35ad92f178680a6ddc3312b7dfb0accb80cbd649f306ea3a2de2eb', 'Base complexity': 5, 'Predicates with operators': 0, 'Nested levels': 0, 'Complex code structures': 6, 'Third-Party calls': 4, 'Inter_dependencies': 0, 'Intra_dependencies': 0, 'Log': 'tmp/sample_21a9Fu8ndGQY_results_generations_sample_21_sample_21.py-d1079aa5fe35ad92f178680a6ddc3312b7dfb0accb80cbd649f306ea3a2de2eb.log'}, 'readability': {'num_tokens': 107, 'lines_of_code': 21, 'num_conditions': 0, 'num_loops': 0, 'num_assignments': 2, 'num_max_nested_loop': 0, 'num_max_nested_if': 0, 'num_max_conditions_in_if': 0, 'max_line_tokens': 18, 'num_of_variables': 2, 'num_of_arrays': 4, 'num_of_operators': 0, 'num_of_nested_casting': 0, 'entropy': 4.956028473953714}, 'relevant_distance_readability': 0.8759, 'relevant_distance_complexity': 0.0705}, 'sample_21a9Fu8ndGQY_results/generations/sample_21/sample_21.py-1e6c9e84325a3c3a9323b1115e921b8b650c053e0efef764bd186ed2c2d2f3a4': {'variant_file': 'sample_21a9Fu8ndGQY_results/generations/sample_21/sample_21.py-1e6c9e84325a3c3a9323b1115e921b8b650c053e0efef764bd186ed2c2d2f3a4', 'applicable_rules': ['add_try_except_inside_functions', 'add_crypto', 'add_base64', 'add_dateutil'], 'applied_rules': ['add_scipy', 'add_datetime', 'change_var_names', 'add_sklearn', 'add_time', 'add_decorator', 'add_http'], 'complexity': {'File': 'sample_21a9Fu8ndGQY_results/generations/sample_21/sample_21.py-1e6c9e84325a3c3a9323b1115e921b8b650c053e0efef764bd186ed2c2d2f3a4', 'Base complexity': 3, 'Predicates with operators': 0, 'Nested levels': 0, 'Complex code structures': 6, 'Third-Party calls': 5, 'Inter_dependencies': 0, 'Intra_dependencies': 0, 'Log': 'tmp/sample_21a9Fu8ndGQY_results_generations_sample_21_sample_21.py-1e6c9e84325a3c3a9323b1115e921b8b650c053e0efef764bd186ed2c2d2f3a4.log'}, 'readability': {'num_tokens': 113, 'lines_of_code': 20, 'num_conditions': 0, 'num_loops': 0, 'num_assignments': 2, 'num_max_nested_loop': 0, 'num_max_nested_if': 0, 'num_max_conditions_in_if': 0, 'max_line_tokens': 18, 'num_of_variables': 2, 'num_of_arrays': 4, 'num_of_operators': 0, 'num_of_nested_casting': 0, 'entropy': 4.98783297653367}, 'relevant_distance_readability': 0.8757, 'relevant_distance_complexity': 0.0741}, 'sample_21a9Fu8ndGQY_results/generations/sample_21/sample_21.py-7d57180af008ba04ff9236344b645f512e88e9d11b5cdabadee68a2ac5a10924': {'variant_file': 'sample_21a9Fu8ndGQY_results/generations/sample_21/sample_21.py-7d57180af008ba04ff9236344b645f512e88e9d11b5cdabadee68a2ac5a10924', 'applicable_rules': ['add_try_except_inside_functions', 'add_crypto', 'add_http', 'add_dateutil'], 'applied_rules': ['add_scipy', 'add_datetime', 'change_var_names', 'add_sklearn', 'add_time', 'add_decorator', 'add_base64'], 'complexity': {'File': 'sample_21a9Fu8ndGQY_results/generations/sample_21/sample_21.py-7d57180af008ba04ff9236344b645f512e88e9d11b5cdabadee68a2ac5a10924', 'Base complexity': 3, 'Predicates with operators': 0, 'Nested levels': 0, 'Complex code structures': 6, 'Third-Party calls': 5, 'Inter_dependencies': 0, 'Intra_dependencies': 0, 'Log': 'tmp/sample_21a9Fu8ndGQY_results_generations_sample_21_sample_21.py-7d57180af008ba04ff9236344b645f512e88e9d11b5cdabadee68a2ac5a10924.log'}, 'readability': {'num_tokens': 109, 'lines_of_code': 20, 'num_conditions': 0, 'num_loops': 0, 'num_assignments': 2, 'num_max_nested_loop': 0, 'num_max_nested_if': 0, 'num_max_conditions_in_if': 0, 'max_line_tokens': 18, 'num_of_variables': 2, 'num_of_arrays': 4, 'num_of_operators': 0, 'num_of_nested_casting': 0, 'entropy': 4.9565720124254415}, 'relevant_distance_readability': 0.8761, 'relevant_distance_complexity': 0.0741}, 'sample_21a9Fu8ndGQY_results/generations/sample_21/sample_21.py-4e5914c6b72bc15d42a01253d0d2ed1b97869e9c22c4309e0f139eaddc102f14': {'variant_file': 'sample_21a9Fu8ndGQY_results/generations/sample_21/sample_21.py-4e5914c6b72bc15d42a01253d0d2ed1b97869e9c22c4309e0f139eaddc102f14', 'applicable_rules': ['add_try_except_inside_functions', 'add_crypto', 'add_http', 'add_base64'], 'applied_rules': ['add_scipy', 'add_datetime', 'change_var_names', 'add_sklearn', 'add_time', 'add_decorator', 'add_dateutil'], 'complexity': {'File': 'sample_21a9Fu8ndGQY_results/generations/sample_21/sample_21.py-4e5914c6b72bc15d42a01253d0d2ed1b97869e9c22c4309e0f139eaddc102f14', 'Base complexity': 3, 'Predicates with operators': 0, 'Nested levels': 0, 'Complex code structures': 6, 'Third-Party calls': 5, 'Inter_dependencies': 0, 'Intra_dependencies': 0, 'Log': 'tmp/sample_21a9Fu8ndGQY_results_generations_sample_21_sample_21.py-4e5914c6b72bc15d42a01253d0d2ed1b97869e9c22c4309e0f139eaddc102f14.log'}, 'readability': {'num_tokens': 112, 'lines_of_code': 20, 'num_conditions': 0, 'num_loops': 0, 'num_assignments': 2, 'num_max_nested_loop': 0, 'num_max_nested_if': 0, 'num_max_conditions_in_if': 0, 'max_line_tokens': 18, 'num_of_variables': 2, 'num_of_arrays': 4, 'num_of_operators': 0, 'num_of_nested_casting': 0, 'entropy': 5.001813586803358}, 'relevant_distance_readability': 0.8756, 'relevant_distance_complexity': 0.0741}, 'sample_21a9Fu8ndGQY_results/generations/sample_21/sample_21.py-5869add4a697201e09c1974cd8350c63cfb3c4486b633a09e539ed67544176ad': {'variant_file': 'sample_21a9Fu8ndGQY_results/generations/sample_21/sample_21.py-5869add4a697201e09c1974cd8350c63cfb3c4486b633a09e539ed67544176ad', 'applicable_rules': ['add_try_except_inside_functions', 'add_http', 'add_scipy', 'add_base64', 'add_dateutil'], 'applied_rules': ['add_decorator', 'add_sklearn', 'change_var_names', 'add_datetime', 'add_time', 'add_crypto', 'change_var_names', 'add_try_except_inside_functions'], 'complexity': {'File': 'sample_21a9Fu8ndGQY_results/generations/sample_21/sample_21.py-5869add4a697201e09c1974cd8350c63cfb3c4486b633a09e539ed67544176ad', 'Base complexity': 5, 'Predicates with operators': 0, 'Nested levels': 0, 'Complex code structures': 4, 'Third-Party calls': 4, 'Inter_dependencies': 0, 'Intra_dependencies': 0, 'Log': 'tmp/sample_21a9Fu8ndGQY_results_generations_sample_21_sample_21.py-5869add4a697201e09c1974cd8350c63cfb3c4486b633a09e539ed67544176ad.log'}, 'readability': {'num_tokens': 92, 'lines_of_code': 21, 'num_conditions': 0, 'num_loops': 0, 'num_assignments': 2, 'num_max_nested_loop': 0, 'num_max_nested_if': 0, 'num_max_conditions_in_if': 0, 'max_line_tokens': 11, 'num_of_variables': 2, 'num_of_arrays': 2, 'num_of_operators': 0, 'num_of_nested_casting': 0, 'entropy': 4.877558908693556}, 'relevant_distance_readability': 0.9041, 'relevant_distance_complexity': 0.0611}, 'sample_21a9Fu8ndGQY_results/generations/sample_21/sample_21.py-a4e0c736f89d9ed6fe8d6bbf523930c07de2f671bd4aeef667aff06cf0be77aa': {'variant_file': 'sample_21a9Fu8ndGQY_results/generations/sample_21/sample_21.py-a4e0c736f89d9ed6fe8d6bbf523930c07de2f671bd4aeef667aff06cf0be77aa', 'applicable_rules': ['add_try_except_inside_functions', 'add_scipy', 'add_base64', 'add_dateutil'], 'applied_rules': ['add_decorator', 'add_sklearn', 'change_var_names', 'add_datetime', 'add_time', 'add_crypto', 'change_var_names', 'add_http'], 'complexity': {'File': 'sample_21a9Fu8ndGQY_results/generations/sample_21/sample_21.py-a4e0c736f89d9ed6fe8d6bbf523930c07de2f671bd4aeef667aff06cf0be77aa', 'Base complexity': 3, 'Predicates with operators': 0, 'Nested levels': 0, 'Complex code structures': 4, 'Third-Party calls': 5, 'Inter_dependencies': 0, 'Intra_dependencies': 0, 'Log': 'tmp/sample_21a9Fu8ndGQY_results_generations_sample_21_sample_21.py-a4e0c736f89d9ed6fe8d6bbf523930c07de2f671bd4aeef667aff06cf0be77aa.log'}, 'readability': {'num_tokens': 98, 'lines_of_code': 20, 'num_conditions': 0, 'num_loops': 0, 'num_assignments': 2, 'num_max_nested_loop': 0, 'num_max_nested_if': 0, 'num_max_conditions_in_if': 0, 'max_line_tokens': 11, 'num_of_variables': 2, 'num_of_arrays': 2, 'num_of_operators': 0, 'num_of_nested_casting': 0, 'entropy': 4.915616746115939}, 'relevant_distance_readability': 0.9038, 'relevant_distance_complexity': 0.0647}, 'sample_21a9Fu8ndGQY_results/generations/sample_21/sample_21.py-d7fd99caac07f1cb5220f94f2d23b67010af8b4311a5583aa0d670ff1c661640': {'variant_file': 'sample_21a9Fu8ndGQY_results/generations/sample_21/sample_21.py-d7fd99caac07f1cb5220f94f2d23b67010af8b4311a5583aa0d670ff1c661640', 'applicable_rules': ['add_try_except_inside_functions', 'add_http', 'add_scipy', 'add_dateutil'], 'applied_rules': ['add_decorator', 'add_sklearn', 'change_var_names', 'add_datetime', 'add_time', 'add_crypto', 'change_var_names', 'add_base64'], 'complexity': {'File': 'sample_21a9Fu8ndGQY_results/generations/sample_21/sample_21.py-d7fd99caac07f1cb5220f94f2d23b67010af8b4311a5583aa0d670ff1c661640', 'Base complexity': 3, 'Predicates with operators': 0, 'Nested levels': 0, 'Complex code structures': 4, 'Third-Party calls': 5, 'Inter_dependencies': 0, 'Intra_dependencies': 0, 'Log': 'tmp/sample_21a9Fu8ndGQY_results_generations_sample_21_sample_21.py-d7fd99caac07f1cb5220f94f2d23b67010af8b4311a5583aa0d670ff1c661640.log'}, 'readability': {'num_tokens': 94, 'lines_of_code': 20, 'num_conditions': 0, 'num_loops': 0, 'num_assignments': 2, 'num_max_nested_loop': 0, 'num_max_nested_if': 0, 'num_max_conditions_in_if': 0, 'max_line_tokens': 11, 'num_of_variables': 2, 'num_of_arrays': 2, 'num_of_operators': 0, 'num_of_nested_casting': 0, 'entropy': 4.875268622189603}, 'relevant_distance_readability': 0.9043, 'relevant_distance_complexity': 0.0647}, 'sample_21a9Fu8ndGQY_results/generations/sample_21/sample_21.py-cfe06730a980dd45df1c69449a4e5620a35b13d934c1a7b06d44d95ca5239cc6': {'variant_file': 'sample_21a9Fu8ndGQY_results/generations/sample_21/sample_21.py-cfe06730a980dd45df1c69449a4e5620a35b13d934c1a7b06d44d95ca5239cc6', 'applicable_rules': ['add_try_except_inside_functions', 'add_http', 'add_scipy', 'add_base64'], 'applied_rules': ['add_decorator', 'add_sklearn', 'change_var_names', 'add_datetime', 'add_time', 'add_crypto', 'change_var_names', 'add_dateutil'], 'complexity': {'File': 'sample_21a9Fu8ndGQY_results/generations/sample_21/sample_21.py-cfe06730a980dd45df1c69449a4e5620a35b13d934c1a7b06d44d95ca5239cc6', 'Base complexity': 3, 'Predicates with operators': 0, 'Nested levels': 0, 'Complex code structures': 4, 'Third-Party calls': 5, 'Inter_dependencies': 0, 'Intra_dependencies': 0, 'Log': 'tmp/sample_21a9Fu8ndGQY_results_generations_sample_21_sample_21.py-cfe06730a980dd45df1c69449a4e5620a35b13d934c1a7b06d44d95ca5239cc6.log'}, 'readability': {'num_tokens': 97, 'lines_of_code': 20, 'num_conditions': 0, 'num_loops': 0, 'num_assignments': 2, 'num_max_nested_loop': 0, 'num_max_nested_if': 0, 'num_max_conditions_in_if': 0, 'max_line_tokens': 11, 'num_of_variables': 2, 'num_of_arrays': 2, 'num_of_operators': 0, 'num_of_nested_casting': 0, 'entropy': 4.9235108929702385}, 'relevant_distance_readability': 0.9037, 'relevant_distance_complexity': 0.0647}, 'sample_21a9Fu8ndGQY_results/generations/sample_21/sample_21.py-b2977278b865f5bdcebca3d2641ec3bf8ef786152a799f7d2a8cda521e2044f2': {'variant_file': 'sample_21a9Fu8ndGQY_results/generations/sample_21/sample_21.py-b2977278b865f5bdcebca3d2641ec3bf8ef786152a799f7d2a8cda521e2044f2', 'applicable_rules': ['add_try_except_inside_functions', 'add_sklearn', 'add_http', 'add_base64', 'add_dateutil'], 'applied_rules': ['add_decorator', 'add_datetime', 'add_time', 'add_scipy', 'add_crypto', 'change_var_names', 'add_try_except_inside_functions'], 'complexity': {'File': 'sample_21a9Fu8ndGQY_results/generations/sample_21/sample_21.py-b2977278b865f5bdcebca3d2641ec3bf8ef786152a799f7d2a8cda521e2044f2', 'Base complexity': 5, 'Predicates with operators': 0, 'Nested levels': 0, 'Complex code structures': 5, 'Third-Party calls': 4, 'Inter_dependencies': 0, 'Intra_dependencies': 0, 'Log': 'tmp/sample_21a9Fu8ndGQY_results_generations_sample_21_sample_21.py-b2977278b865f5bdcebca3d2641ec3bf8ef786152a799f7d2a8cda521e2044f2.log'}, 'readability': {'num_tokens': 100, 'lines_of_code': 21, 'num_conditions': 0, 'num_loops': 0, 'num_assignments': 2, 'num_max_nested_loop': 0, 'num_max_nested_if': 0, 'num_max_conditions_in_if': 0, 'max_line_tokens': 18, 'num_of_variables': 2, 'num_of_arrays': 3, 'num_of_operators': 0, 'num_of_nested_casting': 0, 'entropy': 4.950532040901446}, 'relevant_distance_readability': 0.8816, 'relevant_distance_complexity': 0.0658}}, 7: {'sample_21a9Fu8ndGQY_results/generations/sample_21/sample_21.py-5dd16846710ea190080c69aba7505f590ca1c1739958dded325220277a6855a6': {'variant_file': 'sample_21a9Fu8ndGQY_results/generations/sample_21/sample_21.py-5dd16846710ea190080c69aba7505f590ca1c1739958dded325220277a6855a6', 'applicable_rules': ['add_try_except_inside_functions', 'add_http', 'add_base64', 'add_dateutil'], 'applied_rules': ['add_scipy', 'add_decorator', 'add_sklearn', 'change_var_names', 'add_datetime', 'change_var_names', 'add_time', 'add_crypto', 'add_try_except_inside_functions'], 'complexity': {'File': 'sample_21a9Fu8ndGQY_results/generations/sample_21/sample_21.py-5dd16846710ea190080c69aba7505f590ca1c1739958dded325220277a6855a6', 'Base complexity': 5, 'Predicates with operators': 0, 'Nested levels': 0, 'Complex code structures': 6, 'Third-Party calls': 5, 'Inter_dependencies': 0, 'Intra_dependencies': 0, 'Log': 'tmp/sample_21a9Fu8ndGQY_results_generations_sample_21_sample_21.py-5dd16846710ea190080c69aba7505f590ca1c1739958dded325220277a6855a6.log'}, 'readability': {'num_tokens': 114, 'lines_of_code': 23, 'num_conditions': 0, 'num_loops': 0, 'num_assignments': 2, 'num_max_nested_loop': 0, 'num_max_nested_if': 0, 'num_max_conditions_in_if': 0, 'max_line_tokens': 18, 'num_of_variables': 2, 'num_of_arrays': 4, 'num_of_operators': 0, 'num_of_nested_casting': 0, 'entropy': 5.03398314994765}, 'relevant_distance_readability': 0.8747, 'relevant_distance_complexity': 0.0784}, 'sample_21a9Fu8ndGQY_results/generations/sample_21/sample_21.py-a7af97af9caa4557b93f0d45a6e6aec733aeec4d2d86a97f1da6b2ffb53df7bc': {'variant_file': 'sample_21a9Fu8ndGQY_results/generations/sample_21/sample_21.py-a7af97af9caa4557b93f0d45a6e6aec733aeec4d2d86a97f1da6b2ffb53df7bc', 'applicable_rules': ['add_try_except_inside_functions', 'add_base64', 'add_dateutil'], 'applied_rules': ['add_scipy', 'add_decorator', 'add_sklearn', 'change_var_names', 'add_datetime', 'change_var_names', 'add_time', 'add_crypto', 'add_http'], 'complexity': {'File': 'sample_21a9Fu8ndGQY_results/generations/sample_21/sample_21.py-a7af97af9caa4557b93f0d45a6e6aec733aeec4d2d86a97f1da6b2ffb53df7bc', 'Base complexity': 3, 'Predicates with operators': 0, 'Nested levels': 0, 'Complex code structures': 6, 'Third-Party calls': 6, 'Inter_dependencies': 0, 'Intra_dependencies': 0, 'Log': 'tmp/sample_21a9Fu8ndGQY_results_generations_sample_21_sample_21.py-a7af97af9caa4557b93f0d45a6e6aec733aeec4d2d86a97f1da6b2ffb53df7bc.log'}, 'readability': {'num_tokens': 120, 'lines_of_code': 22, 'num_conditions': 0, 'num_loops': 0, 'num_assignments': 2, 'num_max_nested_loop': 0, 'num_max_nested_if': 0, 'num_max_conditions_in_if': 0, 'max_line_tokens': 18, 'num_of_variables': 2, 'num_of_arrays': 4, 'num_of_operators': 0, 'num_of_nested_casting': 0, 'entropy': 5.055791030278307}, 'relevant_distance_readability': 0.8746, 'relevant_distance_complexity': 0.082}, 'sample_21a9Fu8ndGQY_results/generations/sample_21/sample_21.py-2366f638fc12b48c90266b5fdfcc98949c6e2e732dbd9da99547881c3a729031': {'variant_file': 'sample_21a9Fu8ndGQY_results/generations/sample_21/sample_21.py-2366f638fc12b48c90266b5fdfcc98949c6e2e732dbd9da99547881c3a729031', 'applicable_rules': ['add_try_except_inside_functions', 'add_http', 'add_dateutil'], 'applied_rules': ['add_scipy', 'add_decorator', 'add_sklearn', 'change_var_names', 'add_datetime', 'change_var_names', 'add_time', 'add_crypto', 'add_base64'], 'complexity': {'File': 'sample_21a9Fu8ndGQY_results/generations/sample_21/sample_21.py-2366f638fc12b48c90266b5fdfcc98949c6e2e732dbd9da99547881c3a729031', 'Base complexity': 3, 'Predicates with operators': 0, 'Nested levels': 0, 'Complex code structures': 6, 'Third-Party calls': 6, 'Inter_dependencies': 0, 'Intra_dependencies': 0, 'Log': 'tmp/sample_21a9Fu8ndGQY_results_generations_sample_21_sample_21.py-2366f638fc12b48c90266b5fdfcc98949c6e2e732dbd9da99547881c3a729031.log'}, 'readability': {'num_tokens': 116, 'lines_of_code': 22, 'num_conditions': 0, 'num_loops': 0, 'num_assignments': 2, 'num_max_nested_loop': 0, 'num_max_nested_if': 0, 'num_max_conditions_in_if': 0, 'max_line_tokens': 18, 'num_of_variables': 2, 'num_of_arrays': 4, 'num_of_operators': 0, 'num_of_nested_casting': 0, 'entropy': 5.029943335768494}, 'relevant_distance_readability': 0.8749, 'relevant_distance_complexity': 0.082}, 'sample_21a9Fu8ndGQY_results/generations/sample_21/sample_21.py-2a7fc22474f6f500483042aa1c735cf06a93c10c0b6a926958713319e66fe842': {'variant_file': 'sample_21a9Fu8ndGQY_results/generations/sample_21/sample_21.py-2a7fc22474f6f500483042aa1c735cf06a93c10c0b6a926958713319e66fe842', 'applicable_rules': ['add_try_except_inside_functions', 'add_http', 'add_base64'], 'applied_rules': ['add_scipy', 'add_decorator', 'add_sklearn', 'change_var_names', 'add_datetime', 'change_var_names', 'add_time', 'add_crypto', 'add_dateutil'], 'complexity': {'File': 'sample_21a9Fu8ndGQY_results/generations/sample_21/sample_21.py-2a7fc22474f6f500483042aa1c735cf06a93c10c0b6a926958713319e66fe842', 'Base complexity': 3, 'Predicates with operators': 0, 'Nested levels': 0, 'Complex code structures': 6, 'Third-Party calls': 6, 'Inter_dependencies': 0, 'Intra_dependencies': 0, 'Log': 'tmp/sample_21a9Fu8ndGQY_results_generations_sample_21_sample_21.py-2a7fc22474f6f500483042aa1c735cf06a93c10c0b6a926958713319e66fe842.log'}, 'readability': {'num_tokens': 119, 'lines_of_code': 22, 'num_conditions': 0, 'num_loops': 0, 'num_assignments': 2, 'num_max_nested_loop': 0, 'num_max_nested_if': 0, 'num_max_conditions_in_if': 0, 'max_line_tokens': 18, 'num_of_variables': 2, 'num_of_arrays': 4, 'num_of_operators': 0, 'num_of_nested_casting': 0, 'entropy': 5.068788511345851}, 'relevant_distance_readability': 0.8744, 'relevant_distance_complexity': 0.082}, 'sample_21a9Fu8ndGQY_results/generations/sample_21/sample_21.py-f9cfa87b1403a7ecc48715cd035f8a394ac27689a9183779065fd7db8baef172': {'variant_file': 'sample_21a9Fu8ndGQY_results/generations/sample_21/sample_21.py-f9cfa87b1403a7ecc48715cd035f8a394ac27689a9183779065fd7db8baef172', 'applicable_rules': ['add_try_except_inside_functions', 'add_base64', 'add_dateutil'], 'applied_rules': ['add_scipy', 'add_decorator', 'add_datetime', 'add_sklearn', 'change_var_names', 'add_crypto', 'add_time', 'add_http'], 'complexity': {'File': 'sample_21a9Fu8ndGQY_results/generations/sample_21/sample_21.py-f9cfa87b1403a7ecc48715cd035f8a394ac27689a9183779065fd7db8baef172', 'Base complexity': 3, 'Predicates with operators': 0, 'Nested levels': 0, 'Complex code structures': 6, 'Third-Party calls': 6, 'Inter_dependencies': 0, 'Intra_dependencies': 0, 'Log': 'tmp/sample_21a9Fu8ndGQY_results_generations_sample_21_sample_21.py-f9cfa87b1403a7ecc48715cd035f8a394ac27689a9183779065fd7db8baef172.log'}, 'readability': {'num_tokens': 120, 'lines_of_code': 22, 'num_conditions': 0, 'num_loops': 0, 'num_assignments': 2, 'num_max_nested_loop': 0, 'num_max_nested_if': 0, 'num_max_conditions_in_if': 0, 'max_line_tokens': 18, 'num_of_variables': 2, 'num_of_arrays': 4, 'num_of_operators': 0, 'num_of_nested_casting': 0, 'entropy': 5.0724576969449755}, 'relevant_distance_readability': 0.8744, 'relevant_distance_complexity': 0.082}, 'sample_21a9Fu8ndGQY_results/generations/sample_21/sample_21.py-a7182223961d76dbdd15b945e4f7ba0c3899ea5495fd7063c6c99651a7dc273c': {'variant_file': 'sample_21a9Fu8ndGQY_results/generations/sample_21/sample_21.py-a7182223961d76dbdd15b945e4f7ba0c3899ea5495fd7063c6c99651a7dc273c', 'applicable_rules': ['add_try_except_inside_functions', 'add_sklearn', 'add_http', 'add_dateutil'], 'applied_rules': ['add_scipy', 'add_datetime', 'change_var_names', 'add_decorator', 'change_var_names', 'add_time', 'add_crypto', 'add_base64', 'add_try_except_inside_functions'], 'complexity': {'File': 'sample_21a9Fu8ndGQY_results/generations/sample_21/sample_21.py-a7182223961d76dbdd15b945e4f7ba0c3899ea5495fd7063c6c99651a7dc273c', 'Base complexity': 5, 'Predicates with operators': 0, 'Nested levels': 0, 'Complex code structures': 5, 'Third-Party calls': 5, 'Inter_dependencies': 0, 'Intra_dependencies': 0, 'Log': 'tmp/sample_21a9Fu8ndGQY_results_generations_sample_21_sample_21.py-a7182223961d76dbdd15b945e4f7ba0c3899ea5495fd7063c6c99651a7dc273c.log'}, 'readability': {'num_tokens': 107, 'lines_of_code': 23, 'num_conditions': 0, 'num_loops': 0, 'num_assignments': 2, 'num_max_nested_loop': 0, 'num_max_nested_if': 0, 'num_max_conditions_in_if': 0, 'max_line_tokens': 18, 'num_of_variables': 2, 'num_of_arrays': 3, 'num_of_operators': 0, 'num_of_nested_casting': 0, 'entropy': 5.034822228699851}, 'relevant_distance_readability': 0.8803, 'relevant_distance_complexity': 0.0737}, 'sample_21a9Fu8ndGQY_results/generations/sample_21/sample_21.py-b1eb7b0efdf5992aa45571a2d84f73807ebdca8a3492b6f60642e6cbe81c42be': {'variant_file': 'sample_21a9Fu8ndGQY_results/generations/sample_21/sample_21.py-b1eb7b0efdf5992aa45571a2d84f73807ebdca8a3492b6f60642e6cbe81c42be', 'applicable_rules': ['add_try_except_inside_functions', 'add_sklearn', 'add_dateutil'], 'applied_rules': ['add_scipy', 'add_datetime', 'change_var_names', 'add_decorator', 'change_var_names', 'add_time', 'add_crypto', 'add_base64', 'add_http'], 'complexity': {'File': 'sample_21a9Fu8ndGQY_results/generations/sample_21/sample_21.py-b1eb7b0efdf5992aa45571a2d84f73807ebdca8a3492b6f60642e6cbe81c42be', 'Base complexity': 3, 'Predicates with operators': 0, 'Nested levels': 0, 'Complex code structures': 5, 'Third-Party calls': 6, 'Inter_dependencies': 0, 'Intra_dependencies': 0, 'Log': 'tmp/sample_21a9Fu8ndGQY_results_generations_sample_21_sample_21.py-b1eb7b0efdf5992aa45571a2d84f73807ebdca8a3492b6f60642e6cbe81c42be.log'}, 'readability': {'num_tokens': 113, 'lines_of_code': 22, 'num_conditions': 0, 'num_loops': 0, 'num_assignments': 2, 'num_max_nested_loop': 0, 'num_max_nested_if': 0, 'num_max_conditions_in_if': 0, 'max_line_tokens': 18, 'num_of_variables': 2, 'num_of_arrays': 3, 'num_of_operators': 0, 'num_of_nested_casting': 0, 'entropy': 5.042548984060443}, 'relevant_distance_readability': 0.8803, 'relevant_distance_complexity': 0.0773}, 'sample_21a9Fu8ndGQY_results/generations/sample_21/sample_21.py-42d412c6ceb1692744ead091dc1c5a5910532c95dead092f953d98eeec4ea450': {'variant_file': 'sample_21a9Fu8ndGQY_results/generations/sample_21/sample_21.py-42d412c6ceb1692744ead091dc1c5a5910532c95dead092f953d98eeec4ea450', 'applicable_rules': ['add_try_except_inside_functions', 'add_sklearn', 'add_http'], 'applied_rules': ['add_scipy', 'add_datetime', 'change_var_names', 'add_decorator', 'change_var_names', 'add_time', 'add_crypto', 'add_base64', 'add_dateutil'], 'complexity': {'File': 'sample_21a9Fu8ndGQY_results/generations/sample_21/sample_21.py-42d412c6ceb1692744ead091dc1c5a5910532c95dead092f953d98eeec4ea450', 'Base complexity': 3, 'Predicates with operators': 0, 'Nested levels': 0, 'Complex code structures': 5, 'Third-Party calls': 6, 'Inter_dependencies': 0, 'Intra_dependencies': 0, 'Log': 'tmp/sample_21a9Fu8ndGQY_results_generations_sample_21_sample_21.py-42d412c6ceb1692744ead091dc1c5a5910532c95dead092f953d98eeec4ea450.log'}, 'readability': {'num_tokens': 112, 'lines_of_code': 22, 'num_conditions': 0, 'num_loops': 0, 'num_assignments': 2, 'num_max_nested_loop': 0, 'num_max_nested_if': 0, 'num_max_conditions_in_if': 0, 'max_line_tokens': 18, 'num_of_variables': 2, 'num_of_arrays': 3, 'num_of_operators': 0, 'num_of_nested_casting': 0, 'entropy': 5.054293649369156}, 'relevant_distance_readability': 0.8802, 'relevant_distance_complexity': 0.0773}, 'sample_21a9Fu8ndGQY_results/generations/sample_21/sample_21.py-8c5ef8042e8e17905a9c528703a0cbcabe0dc4802b593817be6f5dfd2c223984': {'variant_file': 'sample_21a9Fu8ndGQY_results/generations/sample_21/sample_21.py-8c5ef8042e8e17905a9c528703a0cbcabe0dc4802b593817be6f5dfd2c223984', 'applicable_rules': ['add_try_except_inside_functions', 'add_crypto', 'add_http', 'add_dateutil'], 'applied_rules': ['add_scipy', 'add_datetime', 'change_var_names', 'add_sklearn', 'add_time', 'add_decorator', 'add_base64', 'add_try_except_inside_functions', 'change_var_names'], 'complexity': {'File': 'sample_21a9Fu8ndGQY_results/generations/sample_21/sample_21.py-8c5ef8042e8e17905a9c528703a0cbcabe0dc4802b593817be6f5dfd2c223984', 'Base complexity': 5, 'Predicates with operators': 0, 'Nested levels': 0, 'Complex code structures': 6, 'Third-Party calls': 5, 'Inter_dependencies': 0, 'Intra_dependencies': 0, 'Log': 'tmp/sample_21a9Fu8ndGQY_results_generations_sample_21_sample_21.py-8c5ef8042e8e17905a9c528703a0cbcabe0dc4802b593817be6f5dfd2c223984.log'}, 'readability': {'num_tokens': 114, 'lines_of_code': 23, 'num_conditions': 0, 'num_loops': 0, 'num_assignments': 2, 'num_max_nested_loop': 0, 'num_max_nested_if': 0, 'num_max_conditions_in_if': 0, 'max_line_tokens': 18, 'num_of_variables': 2, 'num_of_arrays': 4, 'num_of_operators': 0, 'num_of_nested_casting': 0, 'entropy': 5.040604970142067}, 'relevant_distance_readability': 0.8746, 'relevant_distance_complexity': 0.0784}, 'sample_21a9Fu8ndGQY_results/generations/sample_21/sample_21.py-a9bc005ab9eb6a362fba6a324dc9fecd6235ba5b386a15d9305ea8526618d333': {'variant_file': 'sample_21a9Fu8ndGQY_results/generations/sample_21/sample_21.py-a9bc005ab9eb6a362fba6a324dc9fecd6235ba5b386a15d9305ea8526618d333', 'applicable_rules': ['add_try_except_inside_functions', 'add_http', 'add_dateutil'], 'applied_rules': ['add_scipy', 'add_datetime', 'change_var_names', 'add_sklearn', 'add_time', 'add_decorator', 'add_base64', 'add_crypto'], 'complexity': {'File': 'sample_21a9Fu8ndGQY_results/generations/sample_21/sample_21.py-a9bc005ab9eb6a362fba6a324dc9fecd6235ba5b386a15d9305ea8526618d333', 'Base complexity': 3, 'Predicates with operators': 0, 'Nested levels': 0, 'Complex code structures': 6, 'Third-Party calls': 6, 'Inter_dependencies': 0, 'Intra_dependencies': 0, 'Log': 'tmp/sample_21a9Fu8ndGQY_results_generations_sample_21_sample_21.py-a9bc005ab9eb6a362fba6a324dc9fecd6235ba5b386a15d9305ea8526618d333.log'}, 'readability': {'num_tokens': 116, 'lines_of_code': 22, 'num_conditions': 0, 'num_loops': 0, 'num_assignments': 2, 'num_max_nested_loop': 0, 'num_max_nested_if': 0, 'num_max_conditions_in_if': 0, 'max_line_tokens': 18, 'num_of_variables': 2, 'num_of_arrays': 4, 'num_of_operators': 0, 'num_of_nested_casting': 0, 'entropy': 5.012701956458151}, 'relevant_distance_readability': 0.8751, 'relevant_distance_complexity': 0.082}, 'sample_21a9Fu8ndGQY_results/generations/sample_21/sample_21.py-7d776810474e3d010efa526d6ef272e31a2cc5ce3b09cb28a635fa12104b2984': {'variant_file': 'sample_21a9Fu8ndGQY_results/generations/sample_21/sample_21.py-7d776810474e3d010efa526d6ef272e31a2cc5ce3b09cb28a635fa12104b2984', 'applicable_rules': ['add_try_except_inside_functions', 'add_crypto', 'add_dateutil'], 'applied_rules': ['add_scipy', 'add_datetime', 'change_var_names', 'add_sklearn', 'add_time', 'add_decorator', 'add_base64', 'add_http', 'change_var_names'], 'complexity': {'File': 'sample_21a9Fu8ndGQY_results/generations/sample_21/sample_21.py-7d776810474e3d010efa526d6ef272e31a2cc5ce3b09cb28a635fa12104b2984', 'Base complexity': 3, 'Predicates with operators': 0, 'Nested levels': 0, 'Complex code structures': 6, 'Third-Party calls': 6, 'Inter_dependencies': 0, 'Intra_dependencies': 0, 'Log': 'tmp/sample_21a9Fu8ndGQY_results_generations_sample_21_sample_21.py-7d776810474e3d010efa526d6ef272e31a2cc5ce3b09cb28a635fa12104b2984.log'}, 'readability': {'num_tokens': 120, 'lines_of_code': 22, 'num_conditions': 0, 'num_loops': 0, 'num_assignments': 2, 'num_max_nested_loop': 0, 'num_max_nested_if': 0, 'num_max_conditions_in_if': 0, 'max_line_tokens': 18, 'num_of_variables': 2, 'num_of_arrays': 4, 'num_of_operators': 0, 'num_of_nested_casting': 0, 'entropy': 5.0495003010936115}, 'relevant_distance_readability': 0.8746, 'relevant_distance_complexity': 0.082}, 'sample_21a9Fu8ndGQY_results/generations/sample_21/sample_21.py-020e415f4f1ee067d8f1074d8b56cdcff71bfc319b0f45e76b624cb92bfe51d3': {'variant_file': 'sample_21a9Fu8ndGQY_results/generations/sample_21/sample_21.py-020e415f4f1ee067d8f1074d8b56cdcff71bfc319b0f45e76b624cb92bfe51d3', 'applicable_rules': ['add_try_except_inside_functions', 'add_crypto', 'add_http'], 'applied_rules': ['add_scipy', 'add_datetime', 'change_var_names', 'add_sklearn', 'add_time', 'add_decorator', 'add_base64', 'add_dateutil', 'change_var_names'], 'complexity': {'File': 'sample_21a9Fu8ndGQY_results/generations/sample_21/sample_21.py-020e415f4f1ee067d8f1074d8b56cdcff71bfc319b0f45e76b624cb92bfe51d3', 'Base complexity': 3, 'Predicates with operators': 0, 'Nested levels': 0, 'Complex code structures': 6, 'Third-Party calls': 6, 'Inter_dependencies': 0, 'Intra_dependencies': 0, 'Log': 'tmp/sample_21a9Fu8ndGQY_results_generations_sample_21_sample_21.py-020e415f4f1ee067d8f1074d8b56cdcff71bfc319b0f45e76b624cb92bfe51d3.log'}, 'readability': {'num_tokens': 119, 'lines_of_code': 22, 'num_conditions': 0, 'num_loops': 0, 'num_assignments': 2, 'num_max_nested_loop': 0, 'num_max_nested_if': 0, 'num_max_conditions_in_if': 0, 'max_line_tokens': 18, 'num_of_variables': 2, 'num_of_arrays': 4, 'num_of_operators': 0, 'num_of_nested_casting': 0, 'entropy': 5.062444918890695}, 'relevant_distance_readability': 0.8745, 'relevant_distance_complexity': 0.082}, 'sample_21a9Fu8ndGQY_results/generations/sample_21/sample_21.py-03498e17f22e70590dd6e030928987e3a24305a4f3a246c63d360508d4ba3373': {'variant_file': 'sample_21a9Fu8ndGQY_results/generations/sample_21/sample_21.py-03498e17f22e70590dd6e030928987e3a24305a4f3a246c63d360508d4ba3373', 'applicable_rules': ['add_try_except_inside_functions', 'add_http', 'add_scipy', 'add_dateutil'], 'applied_rules': ['add_decorator', 'add_sklearn', 'change_var_names', 'add_datetime', 'add_time', 'add_crypto', 'change_var_names', 'add_base64', 'add_try_except_inside_functions'], 'complexity': {'File': 'sample_21a9Fu8ndGQY_results/generations/sample_21/sample_21.py-03498e17f22e70590dd6e030928987e3a24305a4f3a246c63d360508d4ba3373', 'Base complexity': 5, 'Predicates with operators': 0, 'Nested levels': 0, 'Complex code structures': 4, 'Third-Party calls': 5, 'Inter_dependencies': 0, 'Intra_dependencies': 0, 'Log': 'tmp/sample_21a9Fu8ndGQY_results_generations_sample_21_sample_21.py-03498e17f22e70590dd6e030928987e3a24305a4f3a246c63d360508d4ba3373.log'}, 'readability': {'num_tokens': 99, 'lines_of_code': 23, 'num_conditions': 0, 'num_loops': 0, 'num_assignments': 2, 'num_max_nested_loop': 0, 'num_max_nested_if': 0, 'num_max_conditions_in_if': 0, 'max_line_tokens': 11, 'num_of_variables': 2, 'num_of_arrays': 2, 'num_of_operators': 0, 'num_of_nested_casting': 0, 'entropy': 4.965610614583165}, 'relevant_distance_readability': 0.9027, 'relevant_distance_complexity': 0.069}, 'sample_21a9Fu8ndGQY_results/generations/sample_21/sample_21.py-b9ef6c5a29ffb0b56efc85ce5889fa0e89454572a0e6691c53a2bc457c14259d': {'variant_file': 'sample_21a9Fu8ndGQY_results/generations/sample_21/sample_21.py-b9ef6c5a29ffb0b56efc85ce5889fa0e89454572a0e6691c53a2bc457c14259d', 'applicable_rules': ['add_try_except_inside_functions', 'add_scipy', 'add_dateutil'], 'applied_rules': ['add_decorator', 'add_sklearn', 'change_var_names', 'add_datetime', 'add_time', 'add_crypto', 'change_var_names', 'add_base64', 'add_http'], 'complexity': {'File': 'sample_21a9Fu8ndGQY_results/generations/sample_21/sample_21.py-b9ef6c5a29ffb0b56efc85ce5889fa0e89454572a0e6691c53a2bc457c14259d', 'Base complexity': 3, 'Predicates with operators': 0, 'Nested levels': 0, 'Complex code structures': 4, 'Third-Party calls': 6, 'Inter_dependencies': 0, 'Intra_dependencies': 0, 'Log': 'tmp/sample_21a9Fu8ndGQY_results_generations_sample_21_sample_21.py-b9ef6c5a29ffb0b56efc85ce5889fa0e89454572a0e6691c53a2bc457c14259d.log'}, 'readability': {'num_tokens': 105, 'lines_of_code': 22, 'num_conditions': 0, 'num_loops': 0, 'num_assignments': 2, 'num_max_nested_loop': 0, 'num_max_nested_if': 0, 'num_max_conditions_in_if': 0, 'max_line_tokens': 11, 'num_of_variables': 2, 'num_of_arrays': 2, 'num_of_operators': 0, 'num_of_nested_casting': 0, 'entropy': 4.977646826798444}, 'relevant_distance_readability': 0.9027, 'relevant_distance_complexity': 0.0726}, 'sample_21a9Fu8ndGQY_results/generations/sample_21/sample_21.py-0a6c583e5e03626956e57717b41f185d3a96ebeb101223794ea281db7b46fc5f': {'variant_file': 'sample_21a9Fu8ndGQY_results/generations/sample_21/sample_21.py-0a6c583e5e03626956e57717b41f185d3a96ebeb101223794ea281db7b46fc5f', 'applicable_rules': ['add_try_except_inside_functions', 'add_http', 'add_scipy'], 'applied_rules': ['add_decorator', 'add_sklearn', 'change_var_names', 'add_datetime', 'add_time', 'add_crypto', 'change_var_names', 'add_base64', 'add_dateutil'], 'complexity': {'File': 'sample_21a9Fu8ndGQY_results/generations/sample_21/sample_21.py-0a6c583e5e03626956e57717b41f185d3a96ebeb101223794ea281db7b46fc5f', 'Base complexity': 3, 'Predicates with operators': 0, 'Nested levels': 0, 'Complex code structures': 4, 'Third-Party calls': 6, 'Inter_dependencies': 0, 'Intra_dependencies': 0, 'Log': 'tmp/sample_21a9Fu8ndGQY_results_generations_sample_21_sample_21.py-0a6c583e5e03626956e57717b41f185d3a96ebeb101223794ea281db7b46fc5f.log'}, 'readability': {'num_tokens': 104, 'lines_of_code': 22, 'num_conditions': 0, 'num_loops': 0, 'num_assignments': 2, 'num_max_nested_loop': 0, 'num_max_nested_if': 0, 'num_max_conditions_in_if': 0, 'max_line_tokens': 11, 'num_of_variables': 2, 'num_of_arrays': 2, 'num_of_operators': 0, 'num_of_nested_casting': 0, 'entropy': 4.984644256494789}, 'relevant_distance_readability': 0.9026, 'relevant_distance_complexity': 0.0726}, 'sample_21a9Fu8ndGQY_results/generations/sample_21/sample_21.py-891c3889da8bb89ec7dd69cdabba3d69e055739107a7baeb84fae612fb2c6e28': {'variant_file': 'sample_21a9Fu8ndGQY_results/generations/sample_21/sample_21.py-891c3889da8bb89ec7dd69cdabba3d69e055739107a7baeb84fae612fb2c6e28', 'applicable_rules': ['add_sklearn', 'add_http', 'add_base64', 'add_dateutil'], 'applied_rules': ['add_decorator', 'add_datetime', 'add_time', 'add_scipy', 'add_crypto', 'change_var_names', 'add_try_except_inside_functions', 'add_try_except_inside_functions'], 'complexity': {'File': 'sample_21a9Fu8ndGQY_results/generations/sample_21/sample_21.py-891c3889da8bb89ec7dd69cdabba3d69e055739107a7baeb84fae612fb2c6e28', 'Base complexity': 7, 'Predicates with operators': 0, 'Nested levels': 0, 'Complex code structures': 5, 'Third-Party calls': 4, 'Inter_dependencies': 0, 'Intra_dependencies': 0, 'Log': 'tmp/sample_21a9Fu8ndGQY_results_generations_sample_21_sample_21.py-891c3889da8bb89ec7dd69cdabba3d69e055739107a7baeb84fae612fb2c6e28.log'}, 'readability': {'num_tokens': 105, 'lines_of_code': 24, 'num_conditions': 0, 'num_loops': 0, 'num_assignments': 2, 'num_max_nested_loop': 0, 'num_max_nested_if': 0, 'num_max_conditions_in_if': 0, 'max_line_tokens': 18, 'num_of_variables': 2, 'num_of_arrays': 3, 'num_of_operators': 0, 'num_of_nested_casting': 0, 'entropy': 4.967824004644265}, 'relevant_distance_readability': 0.8808, 'relevant_distance_complexity': 0.0701}, 'sample_21a9Fu8ndGQY_results/generations/sample_21/sample_21.py-4e21855dce4cd5760f92fd7ff62a7870891f6f433c05bf24361a4f7c8be19353': {'variant_file': 'sample_21a9Fu8ndGQY_results/generations/sample_21/sample_21.py-4e21855dce4cd5760f92fd7ff62a7870891f6f433c05bf24361a4f7c8be19353', 'applicable_rules': ['add_try_except_inside_functions', 'add_sklearn', 'add_base64', 'add_dateutil'], 'applied_rules': ['add_decorator', 'add_datetime', 'add_time', 'add_scipy', 'add_crypto', 'change_var_names', 'add_try_except_inside_functions', 'add_http'], 'complexity': {'File': 'sample_21a9Fu8ndGQY_results/generations/sample_21/sample_21.py-4e21855dce4cd5760f92fd7ff62a7870891f6f433c05bf24361a4f7c8be19353', 'Base complexity': 5, 'Predicates with operators': 0, 'Nested levels': 0, 'Complex code structures': 5, 'Third-Party calls': 5, 'Inter_dependencies': 0, 'Intra_dependencies': 0, 'Log': 'tmp/sample_21a9Fu8ndGQY_results_generations_sample_21_sample_21.py-4e21855dce4cd5760f92fd7ff62a7870891f6f433c05bf24361a4f7c8be19353.log'}, 'readability': {'num_tokens': 111, 'lines_of_code': 23, 'num_conditions': 0, 'num_loops': 0, 'num_assignments': 2, 'num_max_nested_loop': 0, 'num_max_nested_if': 0, 'num_max_conditions_in_if': 0, 'max_line_tokens': 18, 'num_of_variables': 2, 'num_of_arrays': 3, 'num_of_operators': 0, 'num_of_nested_casting': 0, 'entropy': 5.065630266447565}, 'relevant_distance_readability': 0.8799, 'relevant_distance_complexity': 0.0737}, 'sample_21a9Fu8ndGQY_results/generations/sample_21/sample_21.py-b5251f83dce83ea8b9d494c5b5ea43d19ffa57267fe18392863e91dde8178878': {'variant_file': 'sample_21a9Fu8ndGQY_results/generations/sample_21/sample_21.py-b5251f83dce83ea8b9d494c5b5ea43d19ffa57267fe18392863e91dde8178878', 'applicable_rules': ['add_try_except_inside_functions', 'add_sklearn', 'add_http', 'add_base64'], 'applied_rules': ['add_decorator', 'add_datetime', 'add_time', 'add_scipy', 'add_crypto', 'change_var_names', 'add_try_except_inside_functions', 'add_dateutil'], 'complexity': {'File': 'sample_21a9Fu8ndGQY_results/generations/sample_21/sample_21.py-b5251f83dce83ea8b9d494c5b5ea43d19ffa57267fe18392863e91dde8178878', 'Base complexity': 5, 'Predicates with operators': 0, 'Nested levels': 0, 'Complex code structures': 5, 'Third-Party calls': 5, 'Inter_dependencies': 0, 'Intra_dependencies': 0, 'Log': 'tmp/sample_21a9Fu8ndGQY_results_generations_sample_21_sample_21.py-b5251f83dce83ea8b9d494c5b5ea43d19ffa57267fe18392863e91dde8178878.log'}, 'readability': {'num_tokens': 110, 'lines_of_code': 23, 'num_conditions': 0, 'num_loops': 0, 'num_assignments': 2, 'num_max_nested_loop': 0, 'num_max_nested_if': 0, 'num_max_conditions_in_if': 0, 'max_line_tokens': 18, 'num_of_variables': 2, 'num_of_arrays': 3, 'num_of_operators': 0, 'num_of_nested_casting': 0, 'entropy': 5.078033562831917}, 'relevant_distance_readability': 0.8798, 'relevant_distance_complexity': 0.0737}}, 8: {'sample_21a9Fu8ndGQY_results/generations/sample_21/sample_21.py-324d2a79d6a490462ff2446aa50a9ed875bbb8217bd2ffcaa7d3ae9d7b580b12': {'variant_file': 'sample_21a9Fu8ndGQY_results/generations/sample_21/sample_21.py-324d2a79d6a490462ff2446aa50a9ed875bbb8217bd2ffcaa7d3ae9d7b580b12', 'applicable_rules': ['add_try_except_inside_functions', 'add_http', 'add_dateutil'], 'applied_rules': ['add_scipy', 'add_decorator', 'add_sklearn', 'change_var_names', 'add_datetime', 'change_var_names', 'add_time', 'add_crypto', 'add_base64', 'add_try_except_inside_functions'], 'complexity': {'File': 'sample_21a9Fu8ndGQY_results/generations/sample_21/sample_21.py-324d2a79d6a490462ff2446aa50a9ed875bbb8217bd2ffcaa7d3ae9d7b580b12', 'Base complexity': 5, 'Predicates with operators': 0, 'Nested levels': 0, 'Complex code structures': 6, 'Third-Party calls': 6, 'Inter_dependencies': 0, 'Intra_dependencies': 0, 'Log': 'tmp/sample_21a9Fu8ndGQY_results_generations_sample_21_sample_21.py-324d2a79d6a490462ff2446aa50a9ed875bbb8217bd2ffcaa7d3ae9d7b580b12.log'}, 'readability': {'num_tokens': 121, 'lines_of_code': 25, 'num_conditions': 0, 'num_loops': 0, 'num_assignments': 2, 'num_max_nested_loop': 0, 'num_max_nested_if': 0, 'num_max_conditions_in_if': 0, 'max_line_tokens': 18, 'num_of_variables': 2, 'num_of_arrays': 4, 'num_of_operators': 0, 'num_of_nested_casting': 0, 'entropy': 5.109713473159507}, 'relevant_distance_readability': 0.8735, 'relevant_distance_complexity': 0.0863}, 'sample_21a9Fu8ndGQY_results/generations/sample_21/sample_21.py-ec71a3a7b0634637130d5d7ae5141f73d00c2fb75ae016ba9a4aaa9b0c7ba35b': {'variant_file': 'sample_21a9Fu8ndGQY_results/generations/sample_21/sample_21.py-ec71a3a7b0634637130d5d7ae5141f73d00c2fb75ae016ba9a4aaa9b0c7ba35b', 'applicable_rules': ['add_try_except_inside_functions', 'add_dateutil'], 'applied_rules': ['add_scipy', 'add_decorator', 'add_sklearn', 'change_var_names', 'add_datetime', 'change_var_names', 'add_time', 'add_crypto', 'add_base64', 'add_http'], 'complexity': {'File': 'sample_21a9Fu8ndGQY_results/generations/sample_21/sample_21.py-ec71a3a7b0634637130d5d7ae5141f73d00c2fb75ae016ba9a4aaa9b0c7ba35b', 'Base complexity': 3, 'Predicates with operators': 0, 'Nested levels': 0, 'Complex code structures': 6, 'Third-Party calls': 7, 'Inter_dependencies': 0, 'Intra_dependencies': 0, 'Log': 'tmp/sample_21a9Fu8ndGQY_results_generations_sample_21_sample_21.py-ec71a3a7b0634637130d5d7ae5141f73d00c2fb75ae016ba9a4aaa9b0c7ba35b.log'}, 'readability': {'num_tokens': 127, 'lines_of_code': 24, 'num_conditions': 0, 'num_loops': 0, 'num_assignments': 2, 'num_max_nested_loop': 0, 'num_max_nested_if': 0, 'num_max_conditions_in_if': 0, 'max_line_tokens': 18, 'num_of_variables': 2, 'num_of_arrays': 4, 'num_of_operators': 0, 'num_of_nested_casting': 0, 'entropy': 5.111157206897653}, 'relevant_distance_readability': 0.8735, 'relevant_distance_complexity': 0.0898}, 'sample_21a9Fu8ndGQY_results/generations/sample_21/sample_21.py-32a08089cbf7bfa3193d4c83064d932197e6aeefd70a54a582b7261b6eab74d8': {'variant_file': 'sample_21a9Fu8ndGQY_results/generations/sample_21/sample_21.py-32a08089cbf7bfa3193d4c83064d932197e6aeefd70a54a582b7261b6eab74d8', 'applicable_rules': ['add_try_except_inside_functions', 'add_http'], 'applied_rules': ['add_scipy', 'add_decorator', 'add_sklearn', 'change_var_names', 'add_datetime', 'change_var_names', 'add_time', 'add_crypto', 'add_base64', 'add_dateutil'], 'complexity': {'File': 'sample_21a9Fu8ndGQY_results/generations/sample_21/sample_21.py-32a08089cbf7bfa3193d4c83064d932197e6aeefd70a54a582b7261b6eab74d8', 'Base complexity': 3, 'Predicates with operators': 0, 'Nested levels': 0, 'Complex code structures': 6, 'Third-Party calls': 7, 'Inter_dependencies': 0, 'Intra_dependencies': 0, 'Log': 'tmp/sample_21a9Fu8ndGQY_results_generations_sample_21_sample_21.py-32a08089cbf7bfa3193d4c83064d932197e6aeefd70a54a582b7261b6eab74d8.log'}, 'readability': {'num_tokens': 126, 'lines_of_code': 24, 'num_conditions': 0, 'num_loops': 0, 'num_assignments': 2, 'num_max_nested_loop': 0, 'num_max_nested_if': 0, 'num_max_conditions_in_if': 0, 'max_line_tokens': 18, 'num_of_variables': 2, 'num_of_arrays': 4, 'num_of_operators': 0, 'num_of_nested_casting': 0, 'entropy': 5.123220216452885}, 'relevant_distance_readability': 0.8734, 'relevant_distance_complexity': 0.0898}, 'sample_21a9Fu8ndGQY_results/generations/sample_21/sample_21.py-53cf8dd5f3dfcaa20b15f5bde5bb171a6be2f6062e2e68128fb594a93e9c8baf': {'variant_file': 'sample_21a9Fu8ndGQY_results/generations/sample_21/sample_21.py-53cf8dd5f3dfcaa20b15f5bde5bb171a6be2f6062e2e68128fb594a93e9c8baf', 'applicable_rules': ['add_try_except_inside_functions', 'add_base64', 'add_dateutil'], 'applied_rules': ['add_scipy', 'add_decorator', 'add_datetime', 'add_sklearn', 'change_var_names', 'add_crypto', 'add_time', 'add_http', 'add_try_except_inside_functions', 'change_var_names'], 'complexity': {'File': 'sample_21a9Fu8ndGQY_results/generations/sample_21/sample_21.py-53cf8dd5f3dfcaa20b15f5bde5bb171a6be2f6062e2e68128fb594a93e9c8baf', 'Base complexity': 5, 'Predicates with operators': 0, 'Nested levels': 0, 'Complex code structures': 6, 'Third-Party calls': 6, 'Inter_dependencies': 0, 'Intra_dependencies': 0, 'Log': 'tmp/sample_21a9Fu8ndGQY_results_generations_sample_21_sample_21.py-53cf8dd5f3dfcaa20b15f5bde5bb171a6be2f6062e2e68128fb594a93e9c8baf.log'}, 'readability': {'num_tokens': 125, 'lines_of_code': 25, 'num_conditions': 0, 'num_loops': 0, 'num_assignments': 2, 'num_max_nested_loop': 0, 'num_max_nested_if': 0, 'num_max_conditions_in_if': 0, 'max_line_tokens': 18, 'num_of_variables': 2, 'num_of_arrays': 4, 'num_of_operators': 0, 'num_of_nested_casting': 0, 'entropy': 5.149890678166898}, 'relevant_distance_readability': 0.873, 'relevant_distance_complexity': 0.0863}, 'sample_21a9Fu8ndGQY_results/generations/sample_21/sample_21.py-3067cf35522b5da2398bb2d07bef08bebac18188b771a4ba89371edc40196f07': {'variant_file': 'sample_21a9Fu8ndGQY_results/generations/sample_21/sample_21.py-3067cf35522b5da2398bb2d07bef08bebac18188b771a4ba89371edc40196f07', 'applicable_rules': ['add_try_except_inside_functions', 'add_dateutil'], 'applied_rules': ['add_scipy', 'add_decorator', 'add_datetime', 'add_sklearn', 'change_var_names', 'add_crypto', 'add_time', 'add_http', 'add_base64'], 'complexity': {'File': 'sample_21a9Fu8ndGQY_results/generations/sample_21/sample_21.py-3067cf35522b5da2398bb2d07bef08bebac18188b771a4ba89371edc40196f07', 'Base complexity': 3, 'Predicates with operators': 0, 'Nested levels': 0, 'Complex code structures': 6, 'Third-Party calls': 7, 'Inter_dependencies': 0, 'Intra_dependencies': 0, 'Log': 'tmp/sample_21a9Fu8ndGQY_results_generations_sample_21_sample_21.py-3067cf35522b5da2398bb2d07bef08bebac18188b771a4ba89371edc40196f07.log'}, 'readability': {'num_tokens': 127, 'lines_of_code': 24, 'num_conditions': 0, 'num_loops': 0, 'num_assignments': 2, 'num_max_nested_loop': 0, 'num_max_nested_if': 0, 'num_max_conditions_in_if': 0, 'max_line_tokens': 18, 'num_of_variables': 2, 'num_of_arrays': 4, 'num_of_operators': 0, 'num_of_nested_casting': 0, 'entropy': 5.126905238393714}, 'relevant_distance_readability': 0.8734, 'relevant_distance_complexity': 0.0898}, 'sample_21a9Fu8ndGQY_results/generations/sample_21/sample_21.py-4a3baa5833b07efc7f7d029585cffac1669f143ab5ad46d1f49582b1ffa3e0c1': {'variant_file': 'sample_21a9Fu8ndGQY_results/generations/sample_21/sample_21.py-4a3baa5833b07efc7f7d029585cffac1669f143ab5ad46d1f49582b1ffa3e0c1', 'applicable_rules': ['add_try_except_inside_functions', 'add_base64'], 'applied_rules': ['add_scipy', 'add_decorator', 'add_datetime', 'add_sklearn', 'change_var_names', 'add_crypto', 'add_time', 'add_http', 'add_dateutil'], 'complexity': {'File': 'sample_21a9Fu8ndGQY_results/generations/sample_21/sample_21.py-4a3baa5833b07efc7f7d029585cffac1669f143ab5ad46d1f49582b1ffa3e0c1', 'Base complexity': 3, 'Predicates with operators': 0, 'Nested levels': 0, 'Complex code structures': 6, 'Third-Party calls': 7, 'Inter_dependencies': 0, 'Intra_dependencies': 0, 'Log': 'tmp/sample_21a9Fu8ndGQY_results_generations_sample_21_sample_21.py-4a3baa5833b07efc7f7d029585cffac1669f143ab5ad46d1f49582b1ffa3e0c1.log'}, 'readability': {'num_tokens': 130, 'lines_of_code': 24, 'num_conditions': 0, 'num_loops': 0, 'num_assignments': 2, 'num_max_nested_loop': 0, 'num_max_nested_if': 0, 'num_max_conditions_in_if': 0, 'max_line_tokens': 18, 'num_of_variables': 2, 'num_of_arrays': 4, 'num_of_operators': 0, 'num_of_nested_casting': 0, 'entropy': 5.160401425193844}, 'relevant_distance_readability': 0.873, 'relevant_distance_complexity': 0.0898}, 'sample_21a9Fu8ndGQY_results/generations/sample_21/sample_21.py-369f7d1a6c4f422f3495be898e82277a557a8e7cc24c16a1de29c92bc36172ce': {'variant_file': 'sample_21a9Fu8ndGQY_results/generations/sample_21/sample_21.py-369f7d1a6c4f422f3495be898e82277a557a8e7cc24c16a1de29c92bc36172ce', 'applicable_rules': ['add_try_except_inside_functions', 'add_sklearn', 'add_dateutil'], 'applied_rules': ['add_scipy', 'add_datetime', 'change_var_names', 'add_decorator', 'change_var_names', 'add_time', 'add_crypto', 'add_base64', 'add_http', 'add_try_except_inside_functions'], 'complexity': {'File': 'sample_21a9Fu8ndGQY_results/generations/sample_21/sample_21.py-369f7d1a6c4f422f3495be898e82277a557a8e7cc24c16a1de29c92bc36172ce', 'Base complexity': 5, 'Predicates with operators': 0, 'Nested levels': 0, 'Complex code structures': 5, 'Third-Party calls': 6, 'Inter_dependencies': 0, 'Intra_dependencies': 0, 'Log': 'tmp/sample_21a9Fu8ndGQY_results_generations_sample_21_sample_21.py-369f7d1a6c4f422f3495be898e82277a557a8e7cc24c16a1de29c92bc36172ce.log'}, 'readability': {'num_tokens': 118, 'lines_of_code': 25, 'num_conditions': 0, 'num_loops': 0, 'num_assignments': 2, 'num_max_nested_loop': 0, 'num_max_nested_if': 0, 'num_max_conditions_in_if': 0, 'max_line_tokens': 18, 'num_of_variables': 2, 'num_of_arrays': 3, 'num_of_operators': 0, 'num_of_nested_casting': 0, 'entropy': 5.122245248290991}, 'relevant_distance_readability': 0.8789, 'relevant_distance_complexity': 0.0816}, 'sample_21a9Fu8ndGQY_results/generations/sample_21/sample_21.py-1fbf1e47225a2d234d7018aeeb3f760ec9ca77c0b9ed2e92e27d6654f738e003': {'variant_file': 'sample_21a9Fu8ndGQY_results/generations/sample_21/sample_21.py-1fbf1e47225a2d234d7018aeeb3f760ec9ca77c0b9ed2e92e27d6654f738e003', 'applicable_rules': ['add_try_except_inside_functions', 'add_sklearn'], 'applied_rules': ['add_scipy', 'add_datetime', 'change_var_names', 'add_decorator', 'change_var_names', 'add_time', 'add_crypto', 'add_base64', 'add_http', 'add_dateutil'], 'complexity': {'File': 'sample_21a9Fu8ndGQY_results/generations/sample_21/sample_21.py-1fbf1e47225a2d234d7018aeeb3f760ec9ca77c0b9ed2e92e27d6654f738e003', 'Base complexity': 3, 'Predicates with operators': 0, 'Nested levels': 0, 'Complex code structures': 5, 'Third-Party calls': 7, 'Inter_dependencies': 0, 'Intra_dependencies': 0, 'Log': 'tmp/sample_21a9Fu8ndGQY_results_generations_sample_21_sample_21.py-1fbf1e47225a2d234d7018aeeb3f760ec9ca77c0b9ed2e92e27d6654f738e003.log'}, 'readability': {'num_tokens': 123, 'lines_of_code': 24, 'num_conditions': 0, 'num_loops': 0, 'num_assignments': 2, 'num_max_nested_loop': 0, 'num_max_nested_if': 0, 'num_max_conditions_in_if': 0, 'max_line_tokens': 18, 'num_of_variables': 2, 'num_of_arrays': 3, 'num_of_operators': 0, 'num_of_nested_casting': 0, 'entropy': 5.127992312993514}, 'relevant_distance_readability': 0.8789, 'relevant_distance_complexity': 0.0851}, 'sample_21a9Fu8ndGQY_results/generations/sample_21/sample_21.py-84d5aa2818bc5af2d89fabec10c4a9760da57f86427caae8b8f9e49b00772676': {'variant_file': 'sample_21a9Fu8ndGQY_results/generations/sample_21/sample_21.py-84d5aa2818bc5af2d89fabec10c4a9760da57f86427caae8b8f9e49b00772676', 'applicable_rules': ['add_try_except_inside_functions', 'add_http'], 'applied_rules': ['add_scipy', 'add_datetime', 'change_var_names', 'add_sklearn', 'add_time', 'add_decorator', 'add_base64', 'add_crypto', 'add_dateutil'], 'complexity': {'File': 'sample_21a9Fu8ndGQY_results/generations/sample_21/sample_21.py-84d5aa2818bc5af2d89fabec10c4a9760da57f86427caae8b8f9e49b00772676', 'Base complexity': 3, 'Predicates with operators': 0, 'Nested levels': 0, 'Complex code structures': 6, 'Third-Party calls': 7, 'Inter_dependencies': 0, 'Intra_dependencies': 0, 'Log': 'tmp/sample_21a9Fu8ndGQY_results_generations_sample_21_sample_21.py-84d5aa2818bc5af2d89fabec10c4a9760da57f86427caae8b8f9e49b00772676.log'}, 'readability': {'num_tokens': 126, 'lines_of_code': 24, 'num_conditions': 0, 'num_loops': 0, 'num_assignments': 2, 'num_max_nested_loop': 0, 'num_max_nested_if': 0, 'num_max_conditions_in_if': 0, 'max_line_tokens': 18, 'num_of_variables': 2, 'num_of_arrays': 4, 'num_of_operators': 0, 'num_of_nested_casting': 0, 'entropy': 5.10734720057987}, 'relevant_distance_readability': 0.8736, 'relevant_distance_complexity': 0.0898}, 'sample_21a9Fu8ndGQY_results/generations/sample_21/sample_21.py-a036b194dd02f9feaa0c108a2e0fe2e470d936f1362df5842b45b437710acafc': {'variant_file': 'sample_21a9Fu8ndGQY_results/generations/sample_21/sample_21.py-a036b194dd02f9feaa0c108a2e0fe2e470d936f1362df5842b45b437710acafc', 'applicable_rules': ['add_try_except_inside_functions', 'add_scipy', 'add_dateutil'], 'applied_rules': ['add_decorator', 'add_sklearn', 'change_var_names', 'add_datetime', 'add_time', 'add_crypto', 'change_var_names', 'add_base64', 'add_http', 'add_try_except_inside_functions'], 'complexity': {'File': 'sample_21a9Fu8ndGQY_results/generations/sample_21/sample_21.py-a036b194dd02f9feaa0c108a2e0fe2e470d936f1362df5842b45b437710acafc', 'Base complexity': 5, 'Predicates with operators': 0, 'Nested levels': 0, 'Complex code structures': 4, 'Third-Party calls': 6, 'Inter_dependencies': 0, 'Intra_dependencies': 0, 'Log': 'tmp/sample_21a9Fu8ndGQY_results_generations_sample_21_sample_21.py-a036b194dd02f9feaa0c108a2e0fe2e470d936f1362df5842b45b437710acafc.log'}, 'readability': {'num_tokens': 110, 'lines_of_code': 25, 'num_conditions': 0, 'num_loops': 0, 'num_assignments': 2, 'num_max_nested_loop': 0, 'num_max_nested_if': 0, 'num_max_conditions_in_if': 0, 'max_line_tokens': 11, 'num_of_variables': 2, 'num_of_arrays': 2, 'num_of_operators': 0, 'num_of_nested_casting': 0, 'entropy': 5.061381390675758}, 'relevant_distance_readability': 0.9012, 'relevant_distance_complexity': 0.0769}, 'sample_21a9Fu8ndGQY_results/generations/sample_21/sample_21.py-555fcf7c00add669e161cc5115f92af4e93522a28e20796d725b13c28cc01d85': {'variant_file': 'sample_21a9Fu8ndGQY_results/generations/sample_21/sample_21.py-555fcf7c00add669e161cc5115f92af4e93522a28e20796d725b13c28cc01d85', 'applicable_rules': ['add_try_except_inside_functions', 'add_scipy'], 'applied_rules': ['add_decorator', 'add_sklearn', 'change_var_names', 'add_datetime', 'add_time', 'add_crypto', 'change_var_names', 'add_base64', 'add_http', 'add_dateutil'], 'complexity': {'File': 'sample_21a9Fu8ndGQY_results/generations/sample_21/sample_21.py-555fcf7c00add669e161cc5115f92af4e93522a28e20796d725b13c28cc01d85', 'Base complexity': 3, 'Predicates with operators': 0, 'Nested levels': 0, 'Complex code structures': 4, 'Third-Party calls': 7, 'Inter_dependencies': 0, 'Intra_dependencies': 0, 'Log': 'tmp/sample_21a9Fu8ndGQY_results_generations_sample_21_sample_21.py-555fcf7c00add669e161cc5115f92af4e93522a28e20796d725b13c28cc01d85.log'}, 'readability': {'num_tokens': 115, 'lines_of_code': 24, 'num_conditions': 0, 'num_loops': 0, 'num_assignments': 2, 'num_max_nested_loop': 0, 'num_max_nested_if': 0, 'num_max_conditions_in_if': 0, 'max_line_tokens': 11, 'num_of_variables': 2, 'num_of_arrays': 2, 'num_of_operators': 0, 'num_of_nested_casting': 0, 'entropy': 5.065864793157049}, 'relevant_distance_readability': 0.9013, 'relevant_distance_complexity': 0.0805}, 'sample_21a9Fu8ndGQY_results/generations/sample_21/sample_21.py-c51527d2a71cd8f024d15523c04606ba8b103f647bb1b53e3cabc15569af7850': {'variant_file': 'sample_21a9Fu8ndGQY_results/generations/sample_21/sample_21.py-c51527d2a71cd8f024d15523c04606ba8b103f647bb1b53e3cabc15569af7850', 'applicable_rules': ['add_try_except_inside_functions', 'add_sklearn', 'add_base64', 'add_dateutil'], 'applied_rules': ['add_decorator', 'add_datetime', 'add_time', 'add_scipy', 'add_crypto', 'change_var_names', 'add_try_except_inside_functions', 'add_http', 'add_try_except_inside_functions', 'change_var_names'], 'complexity': {'File': 'sample_21a9Fu8ndGQY_results/generations/sample_21/sample_21.py-c51527d2a71cd8f024d15523c04606ba8b103f647bb1b53e3cabc15569af7850', 'Base complexity': 6, 'Predicates with operators': 0, 'Nested levels': 0, 'Complex code structures': 5, 'Third-Party calls': 5, 'Inter_dependencies': 0, 'Intra_dependencies': 0, 'Log': 'tmp/sample_21a9Fu8ndGQY_results_generations_sample_21_sample_21.py-c51527d2a71cd8f024d15523c04606ba8b103f647bb1b53e3cabc15569af7850.log'}, 'readability': {'num_tokens': 116, 'lines_of_code': 26, 'num_conditions': 0, 'num_loops': 0, 'num_assignments': 2, 'num_max_nested_loop': 0, 'num_max_nested_if': 0, 'num_max_conditions_in_if': 0, 'max_line_tokens': 18, 'num_of_variables': 2, 'num_of_arrays': 3, 'num_of_operators': 0, 'num_of_nested_casting': 0, 'entropy': 5.082661636772835}, 'relevant_distance_readability': 0.8791, 'relevant_distance_complexity': 0.0758}, 'sample_21a9Fu8ndGQY_results/generations/sample_21/sample_21.py-1d088793f746654a03473c9409911d128cbf53d477c99e1c232b60335fd32022': {'variant_file': 'sample_21a9Fu8ndGQY_results/generations/sample_21/sample_21.py-1d088793f746654a03473c9409911d128cbf53d477c99e1c232b60335fd32022', 'applicable_rules': ['add_try_except_inside_functions', 'add_sklearn', 'add_dateutil'], 'applied_rules': ['add_decorator', 'add_datetime', 'add_time', 'add_scipy', 'add_crypto', 'change_var_names', 'add_try_except_inside_functions', 'add_http', 'add_base64'], 'complexity': {'File': 'sample_21a9Fu8ndGQY_results/generations/sample_21/sample_21.py-1d088793f746654a03473c9409911d128cbf53d477c99e1c232b60335fd32022', 'Base complexity': 5, 'Predicates with operators': 0, 'Nested levels': 0, 'Complex code structures': 5, 'Third-Party calls': 6, 'Inter_dependencies': 0, 'Intra_dependencies': 0, 'Log': 'tmp/sample_21a9Fu8ndGQY_results_generations_sample_21_sample_21.py-1d088793f746654a03473c9409911d128cbf53d477c99e1c232b60335fd32022.log'}, 'readability': {'num_tokens': 118, 'lines_of_code': 25, 'num_conditions': 0, 'num_loops': 0, 'num_assignments': 2, 'num_max_nested_loop': 0, 'num_max_nested_if': 0, 'num_max_conditions_in_if': 0, 'max_line_tokens': 18, 'num_of_variables': 2, 'num_of_arrays': 3, 'num_of_operators': 0, 'num_of_nested_casting': 0, 'entropy': 5.122245248290991}, 'relevant_distance_readability': 0.8789, 'relevant_distance_complexity': 0.0816}, 'sample_21a9Fu8ndGQY_results/generations/sample_21/sample_21.py-8d50b5954263d0d6007e6347625fc1fc2b2cc5000b88d83ef344b05fb2b5ffe9': {'variant_file': 'sample_21a9Fu8ndGQY_results/generations/sample_21/sample_21.py-8d50b5954263d0d6007e6347625fc1fc2b2cc5000b88d83ef344b05fb2b5ffe9', 'applicable_rules': ['add_try_except_inside_functions', 'add_sklearn', 'add_base64'], 'applied_rules': ['add_decorator', 'add_datetime', 'add_time', 'add_scipy', 'add_crypto', 'change_var_names', 'add_try_except_inside_functions', 'add_http', 'add_dateutil', 'change_var_names'], 'complexity': {'File': 'sample_21a9Fu8ndGQY_results/generations/sample_21/sample_21.py-8d50b5954263d0d6007e6347625fc1fc2b2cc5000b88d83ef344b05fb2b5ffe9', 'Base complexity': 5, 'Predicates with operators': 0, 'Nested levels': 0, 'Complex code structures': 5, 'Third-Party calls': 6, 'Inter_dependencies': 0, 'Intra_dependencies': 0, 'Log': 'tmp/sample_21a9Fu8ndGQY_results_generations_sample_21_sample_21.py-8d50b5954263d0d6007e6347625fc1fc2b2cc5000b88d83ef344b05fb2b5ffe9.log'}, 'readability': {'num_tokens': 121, 'lines_of_code': 25, 'num_conditions': 0, 'num_loops': 0, 'num_assignments': 2, 'num_max_nested_loop': 0, 'num_max_nested_if': 0, 'num_max_conditions_in_if': 0, 'max_line_tokens': 18, 'num_of_variables': 2, 'num_of_arrays': 3, 'num_of_operators': 0, 'num_of_nested_casting': 0, 'entropy': 5.1587636255043785}, 'relevant_distance_readability': 0.8785, 'relevant_distance_complexity': 0.0816}}, 9: {'sample_21a9Fu8ndGQY_results/generations/sample_21/sample_21.py-571b041339be49cfd3726b1dbdeb63433a3f09239080bbc1059d83a7a2b610ef': {'variant_file': 'sample_21a9Fu8ndGQY_results/generations/sample_21/sample_21.py-571b041339be49cfd3726b1dbdeb63433a3f09239080bbc1059d83a7a2b610ef', 'applicable_rules': ['add_try_except_inside_functions', 'add_dateutil'], 'applied_rules': ['add_scipy', 'add_decorator', 'add_sklearn', 'change_var_names', 'add_datetime', 'change_var_names', 'add_time', 'add_crypto', 'add_base64', 'add_http', 'add_try_except_inside_functions'], 'complexity': {'File': 'sample_21a9Fu8ndGQY_results/generations/sample_21/sample_21.py-571b041339be49cfd3726b1dbdeb63433a3f09239080bbc1059d83a7a2b610ef', 'Base complexity': 5, 'Predicates with operators': 0, 'Nested levels': 0, 'Complex code structures': 6, 'Third-Party calls': 7, 'Inter_dependencies': 0, 'Intra_dependencies': 0, 'Log': 'tmp/sample_21a9Fu8ndGQY_results_generations_sample_21_sample_21.py-571b041339be49cfd3726b1dbdeb63433a3f09239080bbc1059d83a7a2b610ef.log'}, 'readability': {'num_tokens': 132, 'lines_of_code': 27, 'num_conditions': 0, 'num_loops': 0, 'num_assignments': 2, 'num_max_nested_loop': 0, 'num_max_nested_if': 0, 'num_max_conditions_in_if': 0, 'max_line_tokens': 18, 'num_of_variables': 2, 'num_of_arrays': 4, 'num_of_operators': 0, 'num_of_nested_casting': 0, 'entropy': 5.186055157871058}, 'relevant_distance_readability': 0.8722, 'relevant_distance_complexity': 0.0942}, 'sample_21a9Fu8ndGQY_results/generations/sample_21/sample_21.py-62f6911b0c80cbf7ff51d7bf65eb3c7e738be08fc2d2ecf3b290eef2a228b935': {'variant_file': 'sample_21a9Fu8ndGQY_results/generations/sample_21/sample_21.py-62f6911b0c80cbf7ff51d7bf65eb3c7e738be08fc2d2ecf3b290eef2a228b935', 'applicable_rules': ['add_try_except_inside_functions'], 'applied_rules': ['add_scipy', 'add_decorator', 'add_sklearn', 'change_var_names', 'add_datetime', 'change_var_names', 'add_time', 'add_crypto', 'add_base64', 'add_http', 'add_dateutil'], 'complexity': {'File': 'sample_21a9Fu8ndGQY_results/generations/sample_21/sample_21.py-62f6911b0c80cbf7ff51d7bf65eb3c7e738be08fc2d2ecf3b290eef2a228b935', 'Base complexity': 3, 'Predicates with operators': 0, 'Nested levels': 0, 'Complex code structures': 6, 'Third-Party calls': 8, 'Inter_dependencies': 0, 'Intra_dependencies': 0, 'Log': 'tmp/sample_21a9Fu8ndGQY_results_generations_sample_21_sample_21.py-62f6911b0c80cbf7ff51d7bf65eb3c7e738be08fc2d2ecf3b290eef2a228b935.log'}, 'readability': {'num_tokens': 137, 'lines_of_code': 26, 'num_conditions': 0, 'num_loops': 0, 'num_assignments': 2, 'num_max_nested_loop': 0, 'num_max_nested_if': 0, 'num_max_conditions_in_if': 0, 'max_line_tokens': 18, 'num_of_variables': 2, 'num_of_arrays': 4, 'num_of_operators': 0, 'num_of_nested_casting': 0, 'entropy': 5.188882166083118}, 'relevant_distance_readability': 0.8723, 'relevant_distance_complexity': 0.0977}, 'sample_21a9Fu8ndGQY_results/generations/sample_21/sample_21.py-d00408b0a93d0098a5aa11ad0d56f8aff2492e09071e29184e9e8089a8e5d188': {'variant_file': 'sample_21a9Fu8ndGQY_results/generations/sample_21/sample_21.py-d00408b0a93d0098a5aa11ad0d56f8aff2492e09071e29184e9e8089a8e5d188', 'applicable_rules': ['add_try_except_inside_functions', 'add_dateutil'], 'applied_rules': ['add_scipy', 'add_decorator', 'add_datetime', 'add_sklearn', 'change_var_names', 'add_crypto', 'add_time', 'add_http', 'add_base64', 'add_try_except_inside_functions'], 'complexity': {'File': 'sample_21a9Fu8ndGQY_results/generations/sample_21/sample_21.py-d00408b0a93d0098a5aa11ad0d56f8aff2492e09071e29184e9e8089a8e5d188', 'Base complexity': 5, 'Predicates with operators': 0, 'Nested levels': 0, 'Complex code structures': 6, 'Third-Party calls': 7, 'Inter_dependencies': 0, 'Intra_dependencies': 0, 'Log': 'tmp/sample_21a9Fu8ndGQY_results_generations_sample_21_sample_21.py-d00408b0a93d0098a5aa11ad0d56f8aff2492e09071e29184e9e8089a8e5d188.log'}, 'readability': {'num_tokens': 132, 'lines_of_code': 27, 'num_conditions': 0, 'num_loops': 0, 'num_assignments': 2, 'num_max_nested_loop': 0, 'num_max_nested_if': 0, 'num_max_conditions_in_if': 0, 'max_line_tokens': 18, 'num_of_variables': 2, 'num_of_arrays': 4, 'num_of_operators': 0, 'num_of_nested_casting': 0, 'entropy': 5.201206673022572}, 'relevant_distance_readability': 0.872, 'relevant_distance_complexity': 0.0942}, 'sample_21a9Fu8ndGQY_results/generations/sample_21/sample_21.py-060301daebdcfa95b0861ea51af6575ee76412d85c8b951434514ebefe5f308b': {'variant_file': 'sample_21a9Fu8ndGQY_results/generations/sample_21/sample_21.py-060301daebdcfa95b0861ea51af6575ee76412d85c8b951434514ebefe5f308b', 'applicable_rules': ['add_try_except_inside_functions', 'add_sklearn'], 'applied_rules': ['add_scipy', 'add_datetime', 'change_var_names', 'add_decorator', 'change_var_names', 'add_time', 'add_crypto', 'add_base64', 'add_http', 'add_dateutil', 'add_try_except_inside_functions'], 'complexity': {'File': 'sample_21a9Fu8ndGQY_results/generations/sample_21/sample_21.py-060301daebdcfa95b0861ea51af6575ee76412d85c8b951434514ebefe5f308b', 'Base complexity': 5, 'Predicates with operators': 0, 'Nested levels': 0, 'Complex code structures': 5, 'Third-Party calls': 7, 'Inter_dependencies': 0, 'Intra_dependencies': 0, 'Log': 'tmp/sample_21a9Fu8ndGQY_results_generations_sample_21_sample_21.py-060301daebdcfa95b0861ea51af6575ee76412d85c8b951434514ebefe5f308b.log'}, 'readability': {'num_tokens': 128, 'lines_of_code': 27, 'num_conditions': 0, 'num_loops': 0, 'num_assignments': 2, 'num_max_nested_loop': 0, 'num_max_nested_if': 0, 'num_max_conditions_in_if': 0, 'max_line_tokens': 18, 'num_of_variables': 2, 'num_of_arrays': 3, 'num_of_operators': 0, 'num_of_nested_casting': 0, 'entropy': 5.2028048231968995}, 'relevant_distance_readability': 0.8776, 'relevant_distance_complexity': 0.0895}, 'sample_21a9Fu8ndGQY_results/generations/sample_21/sample_21.py-b542a1064b2e2c39a76f490618843b60dfe956fe327bb08d7d17717506398008': {'variant_file': 'sample_21a9Fu8ndGQY_results/generations/sample_21/sample_21.py-b542a1064b2e2c39a76f490618843b60dfe956fe327bb08d7d17717506398008', 'applicable_rules': ['add_try_except_inside_functions', 'add_http'], 'applied_rules': ['add_scipy', 'add_datetime', 'change_var_names', 'add_sklearn', 'add_time', 'add_decorator', 'add_base64', 'add_crypto', 'add_dateutil', 'add_try_except_inside_functions', 'change_var_names'], 'complexity': {'File': 'sample_21a9Fu8ndGQY_results/generations/sample_21/sample_21.py-b542a1064b2e2c39a76f490618843b60dfe956fe327bb08d7d17717506398008', 'Base complexity': 5, 'Predicates with operators': 0, 'Nested levels': 0, 'Complex code structures': 6, 'Third-Party calls': 7, 'Inter_dependencies': 0, 'Intra_dependencies': 0, 'Log': 'tmp/sample_21a9Fu8ndGQY_results_generations_sample_21_sample_21.py-b542a1064b2e2c39a76f490618843b60dfe956fe327bb08d7d17717506398008.log'}, 'readability': {'num_tokens': 131, 'lines_of_code': 27, 'num_conditions': 0, 'num_loops': 0, 'num_assignments': 2, 'num_max_nested_loop': 0, 'num_max_nested_if': 0, 'num_max_conditions_in_if': 0, 'max_line_tokens': 18, 'num_of_variables': 2, 'num_of_arrays': 4, 'num_of_operators': 0, 'num_of_nested_casting': 0, 'entropy': 5.18253539802448}, 'relevant_distance_readability': 0.8722, 'relevant_distance_complexity': 0.0942}, 'sample_21a9Fu8ndGQY_results/generations/sample_21/sample_21.py-97e5139bf4f4ef13c8c5f827b55105179c62ac3a48d24de508037c9ffaf693f4': {'variant_file': 'sample_21a9Fu8ndGQY_results/generations/sample_21/sample_21.py-97e5139bf4f4ef13c8c5f827b55105179c62ac3a48d24de508037c9ffaf693f4', 'applicable_rules': ['add_try_except_inside_functions', 'add_scipy'], 'applied_rules': ['add_decorator', 'add_sklearn', 'change_var_names', 'add_datetime', 'add_time', 'add_crypto', 'change_var_names', 'add_base64', 'add_http', 'add_dateutil', 'add_try_except_inside_functions'], 'complexity': {'File': 'sample_21a9Fu8ndGQY_results/generations/sample_21/sample_21.py-97e5139bf4f4ef13c8c5f827b55105179c62ac3a48d24de508037c9ffaf693f4', 'Base complexity': 5, 'Predicates with operators': 0, 'Nested levels': 0, 'Complex code structures': 4, 'Third-Party calls': 7, 'Inter_dependencies': 0, 'Intra_dependencies': 0, 'Log': 'tmp/sample_21a9Fu8ndGQY_results_generations_sample_21_sample_21.py-97e5139bf4f4ef13c8c5f827b55105179c62ac3a48d24de508037c9ffaf693f4.log'}, 'readability': {'num_tokens': 120, 'lines_of_code': 27, 'num_conditions': 0, 'num_loops': 0, 'num_assignments': 2, 'num_max_nested_loop': 0, 'num_max_nested_if': 0, 'num_max_conditions_in_if': 0, 'max_line_tokens': 11, 'num_of_variables': 2, 'num_of_arrays': 2, 'num_of_operators': 0, 'num_of_nested_casting': 0, 'entropy': 5.144293448793388}, 'relevant_distance_readability': 0.8999, 'relevant_distance_complexity': 0.0848}, 'sample_21a9Fu8ndGQY_results/generations/sample_21/sample_21.py-b44e5a9d8add74c63417033615e8dc80292fbcda066ce42d9e06786db34218bf': {'variant_file': 'sample_21a9Fu8ndGQY_results/generations/sample_21/sample_21.py-b44e5a9d8add74c63417033615e8dc80292fbcda066ce42d9e06786db34218bf', 'applicable_rules': ['add_try_except_inside_functions', 'add_sklearn', 'add_dateutil'], 'applied_rules': ['add_decorator', 'add_datetime', 'add_time', 'add_scipy', 'add_crypto', 'change_var_names', 'add_try_except_inside_functions', 'add_http', 'add_base64', 'add_try_except_inside_functions', 'change_var_names'], 'complexity': {'File': 'sample_21a9Fu8ndGQY_results/generations/sample_21/sample_21.py-b44e5a9d8add74c63417033615e8dc80292fbcda066ce42d9e06786db34218bf', 'Base complexity': 6, 'Predicates with operators': 0, 'Nested levels': 0, 'Complex code structures': 5, 'Third-Party calls': 6, 'Inter_dependencies': 0, 'Intra_dependencies': 0, 'Log': 'tmp/sample_21a9Fu8ndGQY_results_generations_sample_21_sample_21.py-b44e5a9d8add74c63417033615e8dc80292fbcda066ce42d9e06786db34218bf.log'}, 'readability': {'num_tokens': 123, 'lines_of_code': 28, 'num_conditions': 0, 'num_loops': 0, 'num_assignments': 2, 'num_max_nested_loop': 0, 'num_max_nested_if': 0, 'num_max_conditions_in_if': 0, 'max_line_tokens': 18, 'num_of_variables': 2, 'num_of_arrays': 3, 'num_of_operators': 0, 'num_of_nested_casting': 0, 'entropy': 5.139516257320322}, 'relevant_distance_readability': 0.8781, 'relevant_distance_complexity': 0.0837}}, 10: {'sample_21a9Fu8ndGQY_results/generations/sample_21/sample_21.py-76a9315a670c1d52bf57c4ed12d64ba90c8d4bffcb5ac47a812c84b32815a41a': {'variant_file': 'sample_21a9Fu8ndGQY_results/generations/sample_21/sample_21.py-76a9315a670c1d52bf57c4ed12d64ba90c8d4bffcb5ac47a812c84b32815a41a', 'applicable_rules': ['add_try_except_inside_functions'], 'applied_rules': ['add_scipy', 'add_decorator', 'add_sklearn', 'change_var_names', 'add_datetime', 'change_var_names', 'add_time', 'add_crypto', 'add_base64', 'add_http', 'add_dateutil', 'add_try_except_inside_functions'], 'complexity': {'File': 'sample_21a9Fu8ndGQY_results/generations/sample_21/sample_21.py-76a9315a670c1d52bf57c4ed12d64ba90c8d4bffcb5ac47a812c84b32815a41a', 'Base complexity': 5, 'Predicates with operators': 0, 'Nested levels': 0, 'Complex code structures': 6, 'Third-Party calls': 8, 'Inter_dependencies': 0, 'Intra_dependencies': 0, 'Log': 'tmp/sample_21a9Fu8ndGQY_results_generations_sample_21_sample_21.py-76a9315a670c1d52bf57c4ed12d64ba90c8d4bffcb5ac47a812c84b32815a41a.log'}, 'readability': {'num_tokens': 142, 'lines_of_code': 29, 'num_conditions': 0, 'num_loops': 0, 'num_assignments': 2, 'num_max_nested_loop': 0, 'num_max_nested_if': 0, 'num_max_conditions_in_if': 0, 'max_line_tokens': 18, 'num_of_variables': 2, 'num_of_arrays': 4, 'num_of_operators': 0, 'num_of_nested_casting': 0, 'entropy': 5.259547882994278}, 'relevant_distance_readability': 0.8709, 'relevant_distance_complexity': 0.102}, 'sample_21a9Fu8ndGQY_results/generations/sample_21/sample_21.py-72df24f77370130192c95891505e9d1288d790c0eb0b557e94794074ae4d947b': {'variant_file': 'sample_21a9Fu8ndGQY_results/generations/sample_21/sample_21.py-72df24f77370130192c95891505e9d1288d790c0eb0b557e94794074ae4d947b', 'applicable_rules': ['add_dateutil'], 'applied_rules': ['add_scipy', 'add_decorator', 'add_datetime', 'add_sklearn', 'change_var_names', 'add_crypto', 'add_time', 'add_http', 'add_base64', 'add_try_except_inside_functions', 'add_try_except_inside_functions', 'change_var_names'], 'complexity': {'File': 'sample_21a9Fu8ndGQY_results/generations/sample_21/sample_21.py-72df24f77370130192c95891505e9d1288d790c0eb0b557e94794074ae4d947b', 'Base complexity': 7, 'Predicates with operators': 0, 'Nested levels': 0, 'Complex code structures': 6, 'Third-Party calls': 7, 'Inter_dependencies': 0, 'Intra_dependencies': 0, 'Log': 'tmp/sample_21a9Fu8ndGQY_results_generations_sample_21_sample_21.py-72df24f77370130192c95891505e9d1288d790c0eb0b557e94794074ae4d947b.log'}, 'readability': {'num_tokens': 137, 'lines_of_code': 30, 'num_conditions': 0, 'num_loops': 0, 'num_assignments': 2, 'num_max_nested_loop': 0, 'num_max_nested_if': 0, 'num_max_conditions_in_if': 0, 'max_line_tokens': 18, 'num_of_variables': 2, 'num_of_arrays': 4, 'num_of_operators': 0, 'num_of_nested_casting': 0, 'entropy': 5.219619039921817}, 'relevant_distance_readability': 0.8712, 'relevant_distance_complexity': 0.0985}, 'sample_21a9Fu8ndGQY_results/generations/sample_21/sample_21.py-01608f6179ddabfbdbd1c6d5a7d8363ba9313919b8760639b233d1deb8dcec44': {'variant_file': 'sample_21a9Fu8ndGQY_results/generations/sample_21/sample_21.py-01608f6179ddabfbdbd1c6d5a7d8363ba9313919b8760639b233d1deb8dcec44', 'applicable_rules': ['add_sklearn'], 'applied_rules': ['add_scipy', 'add_datetime', 'change_var_names', 'add_decorator', 'change_var_names', 'add_time', 'add_crypto', 'add_base64', 'add_http', 'add_dateutil', 'add_try_except_inside_functions', 'add_try_except_inside_functions'], 'complexity': {'File': 'sample_21a9Fu8ndGQY_results/generations/sample_21/sample_21.py-01608f6179ddabfbdbd1c6d5a7d8363ba9313919b8760639b233d1deb8dcec44', 'Base complexity': 7, 'Predicates with operators': 0, 'Nested levels': 0, 'Complex code structures': 5, 'Third-Party calls': 7, 'Inter_dependencies': 0, 'Intra_dependencies': 0, 'Log': 'tmp/sample_21a9Fu8ndGQY_results_generations_sample_21_sample_21.py-01608f6179ddabfbdbd1c6d5a7d8363ba9313919b8760639b233d1deb8dcec44.log'}, 'readability': {'num_tokens': 133, 'lines_of_code': 30, 'num_conditions': 0, 'num_loops': 0, 'num_assignments': 2, 'num_max_nested_loop': 0, 'num_max_nested_if': 0, 'num_max_conditions_in_if': 0, 'max_line_tokens': 18, 'num_of_variables': 2, 'num_of_arrays': 3, 'num_of_operators': 0, 'num_of_nested_casting': 0, 'entropy': 5.220073212863875}, 'relevant_distance_readability': 0.8768, 'relevant_distance_complexity': 0.0938}, 'sample_21a9Fu8ndGQY_results/generations/sample_21/sample_21.py-abdd756570c5d67d86269cf10bbab744ccadf8c5f7ea1485036f7379f294c504': {'variant_file': 'sample_21a9Fu8ndGQY_results/generations/sample_21/sample_21.py-abdd756570c5d67d86269cf10bbab744ccadf8c5f7ea1485036f7379f294c504', 'applicable_rules': ['add_http'], 'applied_rules': ['add_scipy', 'add_datetime', 'change_var_names', 'add_sklearn', 'add_time', 'add_decorator', 'add_base64', 'add_crypto', 'add_dateutil', 'add_try_except_inside_functions', 'change_var_names', 'add_try_except_inside_functions'], 'complexity': {'File': 'sample_21a9Fu8ndGQY_results/generations/sample_21/sample_21.py-abdd756570c5d67d86269cf10bbab744ccadf8c5f7ea1485036f7379f294c504', 'Base complexity': 7, 'Predicates with operators': 0, 'Nested levels': 0, 'Complex code structures': 6, 'Third-Party calls': 7, 'Inter_dependencies': 0, 'Intra_dependencies': 0, 'Log': 'tmp/sample_21a9Fu8ndGQY_results_generations_sample_21_sample_21.py-abdd756570c5d67d86269cf10bbab744ccadf8c5f7ea1485036f7379f294c504.log'}, 'readability': {'num_tokens': 136, 'lines_of_code': 30, 'num_conditions': 0, 'num_loops': 0, 'num_assignments': 2, 'num_max_nested_loop': 0, 'num_max_nested_if': 0, 'num_max_conditions_in_if': 0, 'max_line_tokens': 18, 'num_of_variables': 2, 'num_of_arrays': 4, 'num_of_operators': 0, 'num_of_nested_casting': 0, 'entropy': 5.201373723307941}, 'relevant_distance_readability': 0.8714, 'relevant_distance_complexity': 0.0985}, 'sample_21a9Fu8ndGQY_results/generations/sample_21/sample_21.py-b21d93e5494e68d727f77ae8478d6f6394d4c033f05e7717d4935b09e673b002': {'variant_file': 'sample_21a9Fu8ndGQY_results/generations/sample_21/sample_21.py-b21d93e5494e68d727f77ae8478d6f6394d4c033f05e7717d4935b09e673b002', 'applicable_rules': ['add_scipy'], 'applied_rules': ['add_decorator', 'add_sklearn', 'change_var_names', 'add_datetime', 'add_time', 'add_crypto', 'change_var_names', 'add_base64', 'add_http', 'add_dateutil', 'add_try_except_inside_functions', 'add_try_except_inside_functions'], 'complexity': {'File': 'sample_21a9Fu8ndGQY_results/generations/sample_21/sample_21.py-b21d93e5494e68d727f77ae8478d6f6394d4c033f05e7717d4935b09e673b002', 'Base complexity': 7, 'Predicates with operators': 0, 'Nested levels': 0, 'Complex code structures': 4, 'Third-Party calls': 7, 'Inter_dependencies': 0, 'Intra_dependencies': 0, 'Log': 'tmp/sample_21a9Fu8ndGQY_results_generations_sample_21_sample_21.py-b21d93e5494e68d727f77ae8478d6f6394d4c033f05e7717d4935b09e673b002.log'}, 'readability': {'num_tokens': 125, 'lines_of_code': 30, 'num_conditions': 0, 'num_loops': 0, 'num_assignments': 2, 'num_max_nested_loop': 0, 'num_max_nested_if': 0, 'num_max_conditions_in_if': 0, 'max_line_tokens': 11, 'num_of_variables': 2, 'num_of_arrays': 2, 'num_of_operators': 0, 'num_of_nested_casting': 0, 'entropy': 5.16135627187983}, 'relevant_distance_readability': 0.8991, 'relevant_distance_complexity': 0.0891}, 'sample_21a9Fu8ndGQY_results/generations/sample_21/sample_21.py-1a26ff5ca8ed0611222a39094de73a88ebd05fbb195bf31ea6c0a10639f8dcd0': {'variant_file': 'sample_21a9Fu8ndGQY_results/generations/sample_21/sample_21.py-1a26ff5ca8ed0611222a39094de73a88ebd05fbb195bf31ea6c0a10639f8dcd0', 'applicable_rules': ['add_sklearn', 'add_dateutil'], 'applied_rules': ['add_decorator', 'add_datetime', 'add_time', 'add_scipy', 'add_crypto', 'change_var_names', 'add_try_except_inside_functions', 'add_http', 'add_base64', 'add_try_except_inside_functions', 'change_var_names', 'add_try_except_inside_functions'], 'complexity': {'File': 'sample_21a9Fu8ndGQY_results/generations/sample_21/sample_21.py-1a26ff5ca8ed0611222a39094de73a88ebd05fbb195bf31ea6c0a10639f8dcd0', 'Base complexity': 8, 'Predicates with operators': 0, 'Nested levels': 0, 'Complex code structures': 5, 'Third-Party calls': 6, 'Inter_dependencies': 0, 'Intra_dependencies': 0, 'Log': 'tmp/sample_21a9Fu8ndGQY_results_generations_sample_21_sample_21.py-1a26ff5ca8ed0611222a39094de73a88ebd05fbb195bf31ea6c0a10639f8dcd0.log'}, 'readability': {'num_tokens': 128, 'lines_of_code': 31, 'num_conditions': 0, 'num_loops': 0, 'num_assignments': 2, 'num_max_nested_loop': 0, 'num_max_nested_if': 0, 'num_max_conditions_in_if': 0, 'max_line_tokens': 18, 'num_of_variables': 2, 'num_of_arrays': 3, 'num_of_operators': 0, 'num_of_nested_casting': 0, 'entropy': 5.133505565848481}, 'relevant_distance_readability': 0.8776, 'relevant_distance_complexity': 0.088}}, 11: {'sample_21a9Fu8ndGQY_results/generations/sample_21/sample_21.py-62b891a884ebb2b59369728890b2e8b5c68614a106a70ea82bbb91adcb926e82': {'variant_file': 'sample_21a9Fu8ndGQY_results/generations/sample_21/sample_21.py-62b891a884ebb2b59369728890b2e8b5c68614a106a70ea82bbb91adcb926e82', 'applicable_rules': [], 'applied_rules': ['add_scipy', 'add_decorator', 'add_sklearn', 'change_var_names', 'add_datetime', 'change_var_names', 'add_time', 'add_crypto', 'add_base64', 'add_http', 'add_dateutil', 'add_try_except_inside_functions', 'add_try_except_inside_functions'], 'complexity': {'File': 'sample_21a9Fu8ndGQY_results/generations/sample_21/sample_21.py-62b891a884ebb2b59369728890b2e8b5c68614a106a70ea82bbb91adcb926e82', 'Base complexity': 7, 'Predicates with operators': 0, 'Nested levels': 0, 'Complex code structures': 6, 'Third-Party calls': 8, 'Inter_dependencies': 0, 'Intra_dependencies': 0, 'Log': 'tmp/sample_21a9Fu8ndGQY_results_generations_sample_21_sample_21.py-62b891a884ebb2b59369728890b2e8b5c68614a106a70ea82bbb91adcb926e82.log'}, 'readability': {'num_tokens': 147, 'lines_of_code': 32, 'num_conditions': 0, 'num_loops': 0, 'num_assignments': 2, 'num_max_nested_loop': 0, 'num_max_nested_if': 0, 'num_max_conditions_in_if': 0, 'max_line_tokens': 18, 'num_of_variables': 2, 'num_of_arrays': 4, 'num_of_operators': 0, 'num_of_nested_casting': 0, 'entropy': 5.27824285120069}, 'relevant_distance_readability': 0.8701, 'relevant_distance_complexity': 0.1064}, 'sample_21a9Fu8ndGQY_results/generations/sample_21/sample_21.py-a2f1a3687dd4be97e766b40f0bbaa02b51e34208b802fd4bb3a973eb57b3b96e': {'variant_file': 'sample_21a9Fu8ndGQY_results/generations/sample_21/sample_21.py-a2f1a3687dd4be97e766b40f0bbaa02b51e34208b802fd4bb3a973eb57b3b96e', 'applicable_rules': ['add_try_except_inside_functions', 'add_dateutil'], 'applied_rules': ['add_decorator', 'add_datetime', 'add_time', 'add_scipy', 'add_crypto', 'change_var_names', 'add_try_except_inside_functions', 'add_http', 'add_base64', 'add_try_except_inside_functions', 'change_var_names', 'add_try_except_inside_functions', 'add_sklearn'], 'complexity': {'File': 'sample_21a9Fu8ndGQY_results/generations/sample_21/sample_21.py-a2f1a3687dd4be97e766b40f0bbaa02b51e34208b802fd4bb3a973eb57b3b96e', 'Base complexity': 8, 'Predicates with operators': 0, 'Nested levels': 0, 'Complex code structures': 6, 'Third-Party calls': 7, 'Inter_dependencies': 0, 'Intra_dependencies': 0, 'Log': 'tmp/sample_21a9Fu8ndGQY_results_generations_sample_21_sample_21.py-a2f1a3687dd4be97e766b40f0bbaa02b51e34208b802fd4bb3a973eb57b3b96e.log'}, 'readability': {'num_tokens': 142, 'lines_of_code': 33, 'num_conditions': 0, 'num_loops': 0, 'num_assignments': 2, 'num_max_nested_loop': 0, 'num_max_nested_if': 0, 'num_max_conditions_in_if': 0, 'max_line_tokens': 18, 'num_of_variables': 2, 'num_of_arrays': 4, 'num_of_operators': 0, 'num_of_nested_casting': 0, 'entropy': 5.202669021185172}, 'relevant_distance_readability': 0.8708, 'relevant_distance_complexity': 0.1006}, 'sample_21a9Fu8ndGQY_results/generations/sample_21/sample_21.py-a01d017a513b6ed11005390f2e28552a9458d5096b28ca5d64827afe2642f806': {'variant_file': 'sample_21a9Fu8ndGQY_results/generations/sample_21/sample_21.py-a01d017a513b6ed11005390f2e28552a9458d5096b28ca5d64827afe2642f806', 'applicable_rules': ['add_try_except_inside_functions', 'add_sklearn'], 'applied_rules': ['add_decorator', 'add_datetime', 'add_time', 'add_scipy', 'add_crypto', 'change_var_names', 'add_try_except_inside_functions', 'add_http', 'add_base64', 'add_try_except_inside_functions', 'change_var_names', 'add_try_except_inside_functions', 'add_dateutil'], 'complexity': {'File': 'sample_21a9Fu8ndGQY_results/generations/sample_21/sample_21.py-a01d017a513b6ed11005390f2e28552a9458d5096b28ca5d64827afe2642f806', 'Base complexity': 8, 'Predicates with operators': 0, 'Nested levels': 0, 'Complex code structures': 5, 'Third-Party calls': 7, 'Inter_dependencies': 0, 'Intra_dependencies': 0, 'Log': 'tmp/sample_21a9Fu8ndGQY_results_generations_sample_21_sample_21.py-a01d017a513b6ed11005390f2e28552a9458d5096b28ca5d64827afe2642f806.log'}, 'readability': {'num_tokens': 138, 'lines_of_code': 33, 'num_conditions': 0, 'num_loops': 0, 'num_assignments': 2, 'num_max_nested_loop': 0, 'num_max_nested_if': 0, 'num_max_conditions_in_if': 0, 'max_line_tokens': 18, 'num_of_variables': 2, 'num_of_arrays': 3, 'num_of_operators': 0, 'num_of_nested_casting': 0, 'entropy': 5.215587285214172}, 'relevant_distance_readability': 0.8762, 'relevant_distance_complexity': 0.0959}}}","{1: ['sample_21a9Fu8ndGQY_results/generations/sample_21/sample_21.py-29e885383b996cdcefab5c8c91a08b5515bf69f0aeb8e71471aeb3cc33de3dfb', 'sample_21a9Fu8ndGQY_results/generations/sample_21/sample_21.py-87bfa10f75200970c404cf52d770722f52ad7bbae6c49a0c874d6c527e1d0743'], 2: ['sample_21a9Fu8ndGQY_results/generations/sample_21/sample_21.py-efbdc250ef1b52f9abc755c429e3d4514392cd5f076b8c983cf7810717b55473', 'sample_21a9Fu8ndGQY_results/generations/sample_21/sample_21.py-5b4e5f3cb1a7d90f9f0d34cceddee365ddaa3d1b430d1763c865ac6c19798938', 'sample_21a9Fu8ndGQY_results/generations/sample_21/sample_21.py-e90b085bafb605051e8d3e2491fb890176ff58ef36cf7786d01e20c382a39f45', 'sample_21a9Fu8ndGQY_results/generations/sample_21/sample_21.py-e766ad59d620fb81f38ac34154b17269bc95110c2dc17e2f783d3536c8268588'], 3: ['sample_21a9Fu8ndGQY_results/generations/sample_21/sample_21.py-943ec4bb27b9e3bf5c66a546a14deb66ed539af056d976d38920e213833cb14d', 'sample_21a9Fu8ndGQY_results/generations/sample_21/sample_21.py-c44fb9313925defa893b61d7dd4aab47d9d2b29aeb500ca28aa650e06d60046b', 'sample_21a9Fu8ndGQY_results/generations/sample_21/sample_21.py-af35069bdc23e4374899be1dfcbeefc6c6d7d19ec3a7f7634cf06359de88d5c0', 'sample_21a9Fu8ndGQY_results/generations/sample_21/sample_21.py-8d127145eef19896e1f0d2283d38224c5a0f9cfb509eec016094ee2847cc5f60', 'sample_21a9Fu8ndGQY_results/generations/sample_21/sample_21.py-8738aae113dc46f4def6c3c515b6967e33e2ba654a07262e925af1c43e265d87', 'sample_21a9Fu8ndGQY_results/generations/sample_21/sample_21.py-dad82a6404ff0f42b5cea530c78e12ee89296148c6cdfafc8f0390f6bdc2d9cc'], 4: ['sample_21a9Fu8ndGQY_results/generations/sample_21/sample_21.py-979b1171dad680fe5de621b9d78e43bdd23be37708a7cb057aca407d330fdd50', 'sample_21a9Fu8ndGQY_results/generations/sample_21/sample_21.py-6726d11e97fcdad7d64ff7ce954db4f4d2971c38d0989a8187c8cfb67df9a1e9', 'sample_21a9Fu8ndGQY_results/generations/sample_21/sample_21.py-fab5d4fe6ab8cf187d2a557d80b5e9306142aabe59b4d808b69602f956c0520f', 'sample_21a9Fu8ndGQY_results/generations/sample_21/sample_21.py-f29370a97da0cd38a590b218da2cb8298e50a1fd72c80bd940b9dce8fab31c57', 'sample_21a9Fu8ndGQY_results/generations/sample_21/sample_21.py-0900e738e791e8ed7bb3866c5999466bfb506763d77038562079e7c9130c994e', 'sample_21a9Fu8ndGQY_results/generations/sample_21/sample_21.py-abe87c2106dcc97c10f2c0da0bc69283765967ff3cbdd7d8b0ec3d285b27ee03'], 5: ['sample_21a9Fu8ndGQY_results/generations/sample_21/sample_21.py-e15cbe04d595e4993731bac99a2e8a82d9dd2a3aaba61cb56a5dca085b471a77', 'sample_21a9Fu8ndGQY_results/generations/sample_21/sample_21.py-256a867009efff7d86e2937532e01dafe778d0233b6b31b9da005ad171e7427f', 'sample_21a9Fu8ndGQY_results/generations/sample_21/sample_21.py-c72f6273763b17c46a3f18d5c26419dfd653e82ad1f06440d54f6527fac4085e', 'sample_21a9Fu8ndGQY_results/generations/sample_21/sample_21.py-4c9c1aeba1dec595d3cc0abaaaa019987d7b6eef92d458c4e7cfa7b501c84664', 'sample_21a9Fu8ndGQY_results/generations/sample_21/sample_21.py-924f199cf3f8ba4c2b1d3287994f4447a313097866b477664f8c49a794e53594', 'sample_21a9Fu8ndGQY_results/generations/sample_21/sample_21.py-fcd6c1902e2556125be2c8b078b49720c28ed3afbc41b0b2e843e9a047e496dd'], 6: ['sample_21a9Fu8ndGQY_results/generations/sample_21/sample_21.py-0c6c94f436cd4270572574adc858df7b023996402c0ecc2558c78556c3d08e0d', 'sample_21a9Fu8ndGQY_results/generations/sample_21/sample_21.py-dc14aad8831ad3ebcebbf7e5ec70d30f294a2e13242b358f1125bb3a12965c5d', 'sample_21a9Fu8ndGQY_results/generations/sample_21/sample_21.py-005677aa4827eab7d6c378593df8701dd55384dc7480a2fee9ed54c95296fa15', 'sample_21a9Fu8ndGQY_results/generations/sample_21/sample_21.py-7d57180af008ba04ff9236344b645f512e88e9d11b5cdabadee68a2ac5a10924', 'sample_21a9Fu8ndGQY_results/generations/sample_21/sample_21.py-d7fd99caac07f1cb5220f94f2d23b67010af8b4311a5583aa0d670ff1c661640', 'sample_21a9Fu8ndGQY_results/generations/sample_21/sample_21.py-b2977278b865f5bdcebca3d2641ec3bf8ef786152a799f7d2a8cda521e2044f2'], 7: ['sample_21a9Fu8ndGQY_results/generations/sample_21/sample_21.py-2366f638fc12b48c90266b5fdfcc98949c6e2e732dbd9da99547881c3a729031', 'sample_21a9Fu8ndGQY_results/generations/sample_21/sample_21.py-f9cfa87b1403a7ecc48715cd035f8a394ac27689a9183779065fd7db8baef172', 'sample_21a9Fu8ndGQY_results/generations/sample_21/sample_21.py-b1eb7b0efdf5992aa45571a2d84f73807ebdca8a3492b6f60642e6cbe81c42be', 'sample_21a9Fu8ndGQY_results/generations/sample_21/sample_21.py-a9bc005ab9eb6a362fba6a324dc9fecd6235ba5b386a15d9305ea8526618d333', 'sample_21a9Fu8ndGQY_results/generations/sample_21/sample_21.py-b9ef6c5a29ffb0b56efc85ce5889fa0e89454572a0e6691c53a2bc457c14259d', 'sample_21a9Fu8ndGQY_results/generations/sample_21/sample_21.py-4e21855dce4cd5760f92fd7ff62a7870891f6f433c05bf24361a4f7c8be19353'], 8: ['sample_21a9Fu8ndGQY_results/generations/sample_21/sample_21.py-ec71a3a7b0634637130d5d7ae5141f73d00c2fb75ae016ba9a4aaa9b0c7ba35b', 'sample_21a9Fu8ndGQY_results/generations/sample_21/sample_21.py-3067cf35522b5da2398bb2d07bef08bebac18188b771a4ba89371edc40196f07', 'sample_21a9Fu8ndGQY_results/generations/sample_21/sample_21.py-1fbf1e47225a2d234d7018aeeb3f760ec9ca77c0b9ed2e92e27d6654f738e003', 'sample_21a9Fu8ndGQY_results/generations/sample_21/sample_21.py-84d5aa2818bc5af2d89fabec10c4a9760da57f86427caae8b8f9e49b00772676', 'sample_21a9Fu8ndGQY_results/generations/sample_21/sample_21.py-555fcf7c00add669e161cc5115f92af4e93522a28e20796d725b13c28cc01d85', 'sample_21a9Fu8ndGQY_results/generations/sample_21/sample_21.py-1d088793f746654a03473c9409911d128cbf53d477c99e1c232b60335fd32022'], 9: ['sample_21a9Fu8ndGQY_results/generations/sample_21/sample_21.py-62f6911b0c80cbf7ff51d7bf65eb3c7e738be08fc2d2ecf3b290eef2a228b935', 'sample_21a9Fu8ndGQY_results/generations/sample_21/sample_21.py-d00408b0a93d0098a5aa11ad0d56f8aff2492e09071e29184e9e8089a8e5d188', 'sample_21a9Fu8ndGQY_results/generations/sample_21/sample_21.py-060301daebdcfa95b0861ea51af6575ee76412d85c8b951434514ebefe5f308b', 'sample_21a9Fu8ndGQY_results/generations/sample_21/sample_21.py-b542a1064b2e2c39a76f490618843b60dfe956fe327bb08d7d17717506398008', 'sample_21a9Fu8ndGQY_results/generations/sample_21/sample_21.py-97e5139bf4f4ef13c8c5f827b55105179c62ac3a48d24de508037c9ffaf693f4', 'sample_21a9Fu8ndGQY_results/generations/sample_21/sample_21.py-b44e5a9d8add74c63417033615e8dc80292fbcda066ce42d9e06786db34218bf'], 10: ['sample_21a9Fu8ndGQY_results/generations/sample_21/sample_21.py-76a9315a670c1d52bf57c4ed12d64ba90c8d4bffcb5ac47a812c84b32815a41a', 'sample_21a9Fu8ndGQY_results/generations/sample_21/sample_21.py-72df24f77370130192c95891505e9d1288d790c0eb0b557e94794074ae4d947b', 'sample_21a9Fu8ndGQY_results/generations/sample_21/sample_21.py-01608f6179ddabfbdbd1c6d5a7d8363ba9313919b8760639b233d1deb8dcec44', 'sample_21a9Fu8ndGQY_results/generations/sample_21/sample_21.py-abdd756570c5d67d86269cf10bbab744ccadf8c5f7ea1485036f7379f294c504', 'sample_21a9Fu8ndGQY_results/generations/sample_21/sample_21.py-b21d93e5494e68d727f77ae8478d6f6394d4c033f05e7717d4935b09e673b002', 'sample_21a9Fu8ndGQY_results/generations/sample_21/sample_21.py-1a26ff5ca8ed0611222a39094de73a88ebd05fbb195bf31ea6c0a10639f8dcd0'], 11: ['sample_21a9Fu8ndGQY_results/generations/sample_21/sample_21.py-62b891a884ebb2b59369728890b2e8b5c68614a106a70ea82bbb91adcb926e82', 'sample_21a9Fu8ndGQY_results/generations/sample_21/sample_21.py-a2f1a3687dd4be97e766b40f0bbaa02b51e34208b802fd4bb3a973eb57b3b96e'], 12: []}"
